 date      axp       cat      sbux
19990104 -0.009756 0.029891 -0.040089
19990105 -0.019089 -0.002639 -0.034803
19990106 0.043063 0.026455 -0.008413
19990107 0.012063 0.009021 0.003636
19990108 0.030393 0.042146 0.021739
19990111 -0.016773 0.039216 0.002364
19990112 -0.036471 -0.044811 0.003538
19990113 -0.03602 -0.050617 -0.008813
19990114 -0.027232 -0.027308 0.000593
19990115 0.08724 0.023797 -0.004739
19990119 -0.037126 -0.034166 0.028571
19990120 0.014925 -0.016327 0.012731
19990121 0.004902 -0.006916 -0.035429
19990122 -0.039024 -0.020891 -0.050948
19990125 0.030457 0.014225 0
19990126 0.002463 0.012623 0.01623
19990127 -0.022727 -0.009695 -0.039312
19990128 0.010057 -0.004196 0.001279
19990129 0.024269 -0.026685 0.063857
19990201 -0.020656 0.008658 -0.015606
19990202 -0.010546 -0.008584 -0.020732
19990203 0.00815 -0.004329 0.034869
19990204 -0.002488 0.023188 -0.019254
19990205 -0.021197 0.048159 -0.020859
19990208 -0.010828 0.021622 0.003759
19990209 -0.01159 -0.015873 -0.024969
19990210 0.008469 -0.012097 -0.016645
19990211 0.043928 -0.008163 0.036458
19990212 -0.01052 -0.016461 -0.034548
19990216 0.022514 0.009763 -0.000651
19990217 0.004893 0.01105 -0.029948
19990218 -0.000609 -0.020492 0.008054
19990219 0.005481 0.005579 0.030626
19990222 0.051484 0.0319 0.031008
19990223 0.028802 0.009409 0.050125
19990224 -0.035274 -0.019973 -0.00716
19990225 0.001741 -0.006793 -0.013221
19990226 0.005794 -0.002736 0.030451
19990301 0.02765 0.079561 0.018913
19990302 -0.016256 -0.035578 0.016241
19990303 -0.017094 -0.003953 -0.002283
19990304 0.048116 0.01455 0.035469
19990305 0.049779 0.040417 0.038674
19990308 -0.017387 -0.005013 0.03617
19990309 0.014477 -0.016373 -0.017454
19990310 -0.005285 0.003841 0.026123
19990311 0.049947 0.038265 -0.002037
19990312 0.022267 -0.121622 -0.019388
19990315 -0.00396 0.016783 0.010406
19990316 -0.017396 -0.031637 0.00103
19990317 -0.021244 0.073864 -0.002058
19990318 0.055297 -0.009259 -0.001031
19990319 -0.03526 0 -0.074303
19990322 -0.00203 0.00267 0.059086
19990323 -0.012716 -0.038615 -0.035789
19990324 -0.034518 0.018006 0.015284
19990325 0.045891 0.032653 0.002151
19990326 -0.014286 -0.013175 -0.025751
19990329 0.021222 0.009346 0.035242
19990330 -0.012874 -0.006614 -0.038298
19990331 -0.030864 -0.021305 -0.006637
19990401 0.027601 0.021769 0.055679
19990405 0.036674 0.045273 0.040084
19990406 -0.017439 -0.014013 -0.002028
19990407 0.025862 0.002584 0.00813
19990408 0.010381 0.002577 0.028226
19990409 0.004892 0.002571 0.015686
19990412 0.054528 0.053846 0.001931
19990413 0.023084 0.065693 -0.013487
19990414 -0.01444 0.108447 -0.015625
19990415 -0.020604 0.018538 0.03373
19990416 -0.028518 0.032356 -0.019194
19990419 -0.028874 -0.032321 -0.074364
19990420 0.010902 -0.017206 0.042283
19990421 0.057843 0.016478 0.01217
19990422 0.017146 -0.025532 0.0501
19990423 -0.013212 0.012539 -0.022901
19990426 -0.007849 0.023736 0.072266
19990427 0.033039 0.025202 0.136612
19990428 -0.040991 0.015733 -0.065705
19990429 0.017379 0.014521 -0.013722
19990430 -0.034626 -0.017176 0.027826
19990503 0.020564 0.012621 0.015228
19990504 -0.04686 0.003835 -0.03
19990505 0.017699 -0.004776 0.030928
19990506 0.01256 0.003839 -0.06
19990507 0.028149 -0.033461 -0.01773
19990510 -0.027378 -0.02275 0.070397
19990511 -0.024332 0.023279 0.043845
19990512 -0.014181 -0.038576 0.027464
19990513 -0.009921 -0.002058 -0.02673
19990514 -0.032064 0.006186 -0.003231
19990517 0.007246 0.002049 0.024311
19990518 0.02261 -0.039877 -0.071203
19990519 0.00402 -0.011715 0.010221
19990520 -0.012012 0.016164 -0.021922
19990521 -0.025329 0.011665 0.008621
19990524 -0.028586 -0.007338 -0.05641
19990525 -0.019797 -0.008448 -0.019928
19990526 0.044214 -0.014909 0.077634
19990527 -0.022478 -0.042162 -0.020583
19990528 0.035829 -0.009029 0.033275
19990601 -0.023748 0.070615 -0.047458
19990602 0.002115 -0.006383 0.074733
19990603 0.026913 0.035332 -0.048013
19990604 0.029805 0.039297 0.001739
19990607 0.021956 0.006965 0.00434
19990608 0.007813 -0.017787 -0.023336
19990609 -0.030039 -0.01006 -0.014159
19990610 -0.015984 0.006098 0.017953
19990611 -0.012944 -0.039394 -0.012346
19990614 -0.026999 0.008412 0.003571
19990615 0.006871 -0.025026 0.044484
19990616 0.04147 0.008556 0.018739
19990617 0.014113 -0.00106 -0.006689
19990618 -0.008449 0.044586 -0.005051
19990621 0.013033 -0.010163 0.042301
19990622 -0.01237 -0.011294 -0.061688
19990623 -0.017034 -0.009346 0.046713
19990624 -0.021407 -0.010482 -0.028099
19990625 0.020312 -0.006356 -0.034014
19990628 0.022971 0.036247 -0.038732
19990629 0.017465 0.006173 0.064103
19990630 0.022854 -0.018405 0.034423
19990701 0.023055 0.019792 -0.282862
19990702 0.033803 0.012257 0.023202
19990706 0.004541 -0.042381 -0.036281
19990707 -0.018083 0.047418 -0.058824
19990708 -0.014733 -0.015091 -0.015
19990709 -0.001869 0 0.017766
19990712 0.013109 -0.003064 0.002494
19990713 -0.015712 -0.018443 0.0199
19990714 -0.012207 -0.001044 0.034146
19990715 0.020913 -0.005225 -0.024764
19990716 0.012104 -0.003992 -0.018138
19990719 0.024379 0.022269 -0.014778
19990720 -0.038617 -0.001037 -0.005
19990721 0.001401 0.007269 0.015075
19990722 0.022388 -0.002062 -0.05198
19990723 -0.010493 0.008264 0.08094
19990726 0.006916 -0.016393 -0.041063
19990727 0.04304 0.002083 0.005038
19990728 -0.007902 0.018711 -0.015038
19990729 -0.019027 -0.038776 -0.022901
19990730 -0.049166 -0.004246 -0.03125
19990802 -0.012808 -0.001066 -0.013441
19990803 -0.025949 -0.01174 -0.013624
19990804 -0.02516 -0.011879 -0.033149
19990805 0.029352 -0.018579 0.008571
19990806 -0.031957 0.028953 -0.042493
19990809 0.015744 0 -0.014793
19990810 -0.004 0.019481 -0.036036
19990811 0.02008 0.006369 0.074766
19990812 0.021654 0.029536 -0.046377
19990813 0.038054 0.020492 0.006079
19990816 0.008817 0.001004 0.009063
19990817 0.032199 -0.005015 -0.020958
19990818 -0.02139 -0.016129 0.009174
19990819 0.009107 -0.01127 -0.006061
19990820 0.031588 0 0
19990823 0.024497 0.043523 0.04878
19990824 0.010248 0.000993 0.011628
19990825 -0.004227 -0.003968 -0.008621
19990826 -0.000424 0.005976 0.008696
19990827 -0.01741 -0.023762 0.091954
19990830 -0.03414 -0.034483 -0.068421
19990831 -0.01566 -0.048319 0.033898
19990901 0.010909 0.024283 0.008197
19990902 -0.022482 0.015086 -0.03523
19990903 0.045078 0.005308 0.044944
19990907 -0.006162 -0.013728 -0.010753
19990908 -0.020372 0.004283 -0.032609
19990909 0.002712 0.002132 -0.011236
19990910 0.009919 -0.034043 -0.005682
19990913 0.001786 0.047357 0.005714
19990914 -0.006239 -0.016824 0.03125
19990915 -0.016143 0.004278 -0.03719
19990916 -0.004558 -0.036209 -0.021459
19990917 0.024725 0.030939 0.02924
19990920 -0.004915 -0.021436 -0.042614
19990921 -0.010328 -0.020811 -0.026706
19990922 -0.009528 0.005593 0.02439
19990923 -0.007787 -0.03337 0.095238
19990924 0.007387 -0.003452 0.038043
19990927 -0.010082 -0.011547 -0.020942
19990928 0.006019 -0.008178 0.112299
19990929 -0.016567 0.029446 -0.040865
19990930 0.010763 0.003432 -0.006266
19991001 -0.026852 -0.020525 -0.032787
19991004 0.047098 0.025611 -0.029987
19991005 0.022717 -0.009081 -0.02957
19991006 0.042914 0.036655 0.063712
19991007 -0.004266 -0.012155 -0.018229
19991008 0.026135 0.013423 0.023873
19991011 -0.005428 0.032009 -0.011658
19991012 -0.024349 -0.050267 -0.02228
19991013 -0.022375 0.019144 -0.030831
19991014 0 -0.016575 0.001383
19991015 -0.049296 0.007865 -0.027624
19991018 0.021296 -0.012263 -0.019886
19991019 0.014506 -0.006772 0.008696
19991020 0.034853 -0.018182 0.037356
19991021 0.000864 -0.028704 0.041551
19991022 0.025884 0.058753 -0.005319
19991025 -0.035324 -0.02265 0.018717
19991026 0.00959 0.02781 0.026247
19991027 0.040587 -0.001127 0.017903
19991028 0.06888 -0.011287 0.045226
19991029 -0.043478 0.010274 0.045673
19991101 -0.032468 -0.012429 -0.004598
19991102 -0.010067 0.026316 0
19991103 -0.00339 0.010033 -0.016166
19991104 -0.004677 -0.036424 -0.002347
19991105 0.023494 0.003436 0.082353
19991108 -0.018781 -0.012557 0.006522
19991109 -0.005955 -0.003468 0.00432
19991110 -0.007274 -0.00232 -0.025806
19991111 0.005172 0.023256 0
19991112 0.058319 0 -0.002208
19991115 0.019449 0.010227 -0.002212
19991116 0.014308 0.022497 0.006652
19991117 -0.030564 -0.025303 0.017621
19991118 0.001617 0.010158 0.04329
19991119 0.000807 -0.12067 -0.058091
19991122 0.003629 0.021601 -0.022026
19991123 -0.000804 -0.001244 -0.027027
19991124 -0.015682 -0.032379 0.018519
19991126 -0.002451 -0.009009 -0.027273
19991129 -0.031532 -0.04026 -0.002336
19991130 0.023679 0.00406 -0.004684
19991201 0.0095 0.012129 0
19991202 0.005728 0.011984 0.042353
19991203 0.023596 0.013158 0.004515
19991206 0.009539 -0.01039 -0.031461
19991207 0.000787 -0.040682 0.00464
19991208 -0.003934 -0.012312 -0.046189
19991209 0.009874 0.015235 -0.067797
19991210 0.049668 0.0191 0.051948
19991213 -0.008569 -0.014726 0
19991214 -0.034949 0.002717 -0.022222
19991215 -0.014408 -0.006775 0.020202
19991216 -0.035164 0.028649 0
19991217 0.01638 -0.046419 0.034653
19991220 0.00282 0.004172 -0.004785
19991221 0.014464 -0.01662 -0.012019
19991222 -0.015446 -0.022535 -0.007299
19991223 0.02494 0.033141 -0.009804
19991227 -0.006279 0.036262 -0.014851
19991228 0.022117 0.006729 0.012563
19991229 0.023184 -0.005348 -0.019851
19991230 0.001511 -0.010753 -0.022785
19991231 0.003017 0.023098 0.005181
20000103 -0.054135 0.033201 0.016753
20000104 -0.037758 -0.012853 -0.031686
20000105 -0.025361 0.023438 0.013089
20000106 0.020374 0.050891 0.036176
20000107 0.014559 0.032688 -0.004988
20000110 0.01394 -0.032825 0.042607
20000111 0.0093 -0.015758 -0.028846
20000112 -0.005208 0.017241 0.002475
20000113 0.005236 0.010896 0.071605
20000114 0.022436 -0.00479 -0.025346
20000118 -0.049765 -0.03225 -0.014184
20000119 -0.01732 -0.012516 -0.021583
20000120 0.0235 -0.04436 -0.017157
20000121 -0.00492 0.005305 -0.003741
20000124 0.00206 -0.043536 -0.01627
20000125 0.041941 -0.037241 0.058524
20000126 0.008682 0.035817 0.115385
20000127 0.019953 -0.013831 -0.00431
20000128 -0.028769 -0.023843 0.032468
20000131 0.041074 -0.024425 0.073375
20000201 0.025797 0.017673 0.009766
20000202 -0.028476 0.005789 -0.015474
20000203 -0.007994 -0.025899 -0.011788
20000204 -0.008826 0 0.093439
20000207 0.006194 -0.025111 -0.003636
20000208 0.003463 -0.006061 0.021898
20000209 -0.039494 -0.045732 -0.014286
20000210 -0.013174 -0.027157 -0.072464
20000211 -0.006472 -0.054187 0.027344
20000214 0.003257 0.072917 0.032319
20000215 0.033279 0.035599 0.020258
20000216 -0.033189 -0.020312 -0.012635
20000217 -0.038391 -0.012759 0.012797
20000218 -0.068019 -0.025848 -0.043321
20000222 0.009066 0.016584 0.001887
20000223 -0.007188 -0.013051 0.050847
20000224 -0.058824 -0.041322 0.005376
20000225 -0.040385 -0.006897 -0.037433
20000228 0.063126 -0.012153 0.009259
20000229 0.011781 -0.01406 0.031193
20000301 0.009781 -0.005348 -0.010676
20000302 -0.014299 -0.012545 -0.043165
20000303 -0.000468 0.056261 0.118421
20000306 -0.031835 0.008591 -0.035294
20000307 -0.022244 -0.078365 -0.04878
20000308 -0.028684 0.033272 -0.007326
20000309 0 0.008945 0.066421
20000310 0.032077 0.012411 -0.013841
20000313 -0.000987 -0.001751 -0.024561
20000314 0.014815 0.005263 -0.03777
20000315 0.03455 0.068063 0.052336
20000316 0.081844 0.063725 0.090586
20000317 -0.00087 -0.032258 -0.034202
20000320 -0.011314 -0.022222 -0.05059
20000321 0.027289 0.034091 0.108348
20000322 0.012853 -0.021978 0.003205
20000323 0.055838 0.016051 0.00639
20000324 -0.002404 -0.00158 -0.019048
20000327 -0.032932 -0.011076 0.012945
20000328 0.013289 -0.0192 -0.030351
20000329 -0.005738 0.017945 0.046129
20000330 -0.017312 0.051282 0.001575
20000331 -0.000419 -0.03811 0.127358
20000403 0.044062 0.061807 -0.075314
20000404 -0.054662 0.037313 0.048265
20000405 -0.017007 -0.023022 -0.089209
20000406 -0.024221 -0.002946 -0.050553
20000407 -0.013741 -0.022157 0.066556
20000410 0.029663 0.001511 -0.085803
20000411 0.013968 0.015083 0.035836
20000412 0.038313 0.032689 -0.008237
20000413 -0.031509 -0.033094 0.058555
20000414 -0.082192 -0.035714 -0.116516
20000417 0 0.010802 0.026643
20000418 0.04431 -0.016794 0.036332
20000419 -0.003126 -0.057143 -0.005008
20000420 0.02681 0.009967 0.005034
20000424 0.049388 0.026316 0.066778
20000425 0.052895 0.028846 -0.043818
20000426 -0.021361 -0.003115 -0.027823
20000427 0.002425 0.003125 -0.001684
20000428 -0.035484 -0.017134 -0.184233
20000501 0.012542 -0.015848 0.023256
20000502 -0.021883 0.020934 0.032323
20000503 -0.040946 -0.018927 -0.003914
20000504 0.019366 -0.024116 0.051081
20000505 0.009499 0.029654 0.007477
20000508 0.040633 -0.0032 -0.020408
20000509 -0.026716 -0.024077 0.011364
20000510 -0.03125 0.009868 -0.024345
20000511 0.035745 0.011401 0.021113
20000512 0.015152 0.014493 -0.020677
20000515 0.038557 0.030159 -0.001919
20000516 -0.020359 -0.007704 0.023077
20000517 -0.003667 -0.006211 -0.024436
20000518 0.017178 -0.029687 -0.05395
20000519 -0.028951 0.032206 -0.01833
20000522 -0.013665 0.00312 -0.008299
20000523 0.02267 -0.017107 -0.052301
20000524 -0.014778 0.004747 0.094923
20000525 -0.0225 -0.040945 -0.03629
20000526 0.003836 0.001642 -0.025105
20000530 0.031847 0.004918 0.135193
20000531 0.066667 -0.001631 0.028355
20000601 -0.002315 0.039216 0.014706
20000602 0.048724 0.033019 0.067029
20000605 -0.015487 -0.025875 -0.032258
20000606 -0.029213 -0.023438 0.052632
20000607 0.045139 -0.0064 -0.078333
20000608 -0.024363 -0.017713 0.0217
20000609 -0.022701 0.003279 0.012389
20000612 -0.002323 0.009804 -0.052448
20000613 0.015134 -0.037217 0.060886
20000614 0.043578 0.011765 -0.02087
20000615 -0.024176 -0.019934 -0.01421
20000616 -0.072072 -0.025424 0.005405
20000619 0.038835 -0.022609 0.007168
20000620 0.009346 -0.001779 0.010676
20000621 -0.025463 0.001783 0.019366
20000622 0.015439 -0.019573 -0.010363
20000623 0.003509 0.009074 -0.013962
20000626 0.047786 0.001799 0.026549
20000627 -0.035595 0.025135 0.034483
20000628 -0.018454 0.012259 0.018333
20000629 -0.014101 -0.034602 -0.008183
20000630 -0.005959 -0.028674 0.008251
20000703 0.004796 0.060886 0.008183
20000705 -0.003246 -0.02087 -0.00487
20000706 -0.003597 -0.010657 -0.006525
20000707 0.034898 -0.023339 0.098522
20000710 0.02093 0.007353 -0.049327
20000711 -0.014806 0.054745 0.004717
20000712 0.017341 0.00346 0.00939
20000713 -0.001136 -0.008621 -0.007752
20000714 0.03868 -0.012174 0
20000717 -0.016429 0.007042 -0.004688
20000718 -0.016704 0.065455 -0.00157
20000719 -0.002265 0.004967 0
20000720 0.036322 -0.023064 0.006289
20000721 0.038335 -0.015177 -0.001563
20000724 -0.03903 -0.006849 -0.005477
20000725 -0.018661 -0.010345 -0.029111
20000726 -0.004474 -0.031359 -0.02269
20000727 0.048315 0 -0.041459
20000728 -0.043944 -0.019784 0.024221
20000731 0.016816 0 0.013514
20000801 0.002205 0.007339 0.011667
20000802 0.009901 0.020036 0.034596
20000803 0.010893 0.001786 0.020701
20000804 0.033405 -0.005348 0.040562
20000807 -0.01877 0.051971 0.026987
20000808 -0.001063 0.039182 0.00146
20000809 0.014894 -0.014754 0.002915
20000810 -0.015723 -0.001664 -0.002907
20000811 0.018104 0.036667 -0.004373
20000814 0.007322 0.004823 -0.01757
20000815 -0.016615 -0.0096 -0.028316
20000816 -0.031679 0 -0.007669
20000817 0.02072 -0.011309 -0.054096
20000818 0 -0.001634 -0.042484
20000821 0.010684 -0.013093 0.017065
20000822 -0.020085 0.003317 0.006711
20000823 -0.010787 -0.014876 -0.045
20000824 -0.014177 0.006711 0.008726
20000825 0.001106 0.003333 -0.010381
20000828 0.058564 -0.011628 0.008741
20000829 -0.010438 0.038655 -0.025997
20000830 -0.005274 -0.027508 0.044484
20000831 0.003181 -0.021631 -0.001704
20000901 -0.011628 0.013605 0.02901
20000905 0.02246 0.021812 -0.001658
20000906 -0.001046 0.01642 -0.018272
20000907 -0.006283 -0.016155 0.018613
20000908 0.022129 -0.006568 -0.036545
20000911 0.019588 0.013223 0.003448
20000912 0.001011 -0.008157 0.027491
20000913 -0.009091 0.018092 0.041806
20000914 -0.008155 0.008078 -0.025682
20000915 -0.024666 -0.046474 0.021417
20000918 -0.022129 -0.030252 -0.031855
20000919 0.009698 -0.015598 0.002915
20000920 -0.009605 -0.005282 0.006645
20000921 0.00431 -0.012389 0.019802
20000922 0.008584 0.007168 0.012945
20000925 0.021277 0.010676 0.020767
20000926 -0.007292 -0.014085 -0.010955
20000927 -0.01574 -0.0625 0.009494
20000928 0.039446 0.03619 0.029781
20000929 -0.003077 -0.007353 -0.024353
20001002 0.037037 0.014815 0.0078
20001003 -0.02381 0.023723 -0.021672
20001004 -0.008862 0.001783 0.031646
20001005 0.002053 -0.003559 0.006135
20001006 -0.050205 -0.014286 -0.019817
20001009 -0.022654 0.001812 0.007776
20001010 -0.019868 -0.034358 0.001543
20001011 -0.02027 -0.003745 -0.012327
20001012 -0.045977 -0.041353 -0.043682
20001013 0.039759 -0.005882 0.02447
20001016 0.033604 0.001972 0.033439
20001017 -0.035874 -0.03937 -0.020031
20001018 0.009302 -0.011393 0.014151
20001019 0.03341 0.023061 0.017054
20001020 0 0.006148 -0.016768
20001023 -0.0301 0.02444 -0.007752
20001024 0.050575 0.013917 0.009375
20001025 0.004376 -0.017647 0.00774
20001026 -0.051198 0.015968 0.00768
20001027 0.025258 0.033399 -0.030488
20001030 0.047032 0.062738 0.04717
20001031 0.026738 0.003578 0.073574
20001101 -0.027083 -0.008913 -0.002797
20001102 -0.012848 0.001799 0.009818
20001103 0.034707 0 0.040278
20001106 0.016771 0.039497 -0.001335
20001107 0.005155 -0.001727 0.006684
20001108 -0.048205 0.008651 -0.047809
20001109 0.00431 0.003431 0
20001110 -0.020386 -0.022222 -0.006974
20001113 -0.020811 0.012238 -0.002809
20001114 0.025727 -0.003454 0.060563
20001115 0.006543 0.017331 0.010624
20001116 0.001083 -0.010221 -0.027595
20001117 -0.029221 0.017212 0.036486
20001120 -0.061315 0.006768 0.040417
20001121 0.011876 0.028571 -0.048872
20001122 -0.026995 -0.011438 0.02635
20001124 -0.008444 0.028099 -0.014121
20001127 0.03163 0.0209 -0.061198
20001128 0.040094 -0.017323 -0.011789
20001129 0.03288 0.028846 0.021404
20001130 -0.035126 -0.020249 0.001718
20001201 -0.012514 0.034976 -0.028807
20001204 -0.041475 0.064516 0.014124
20001205 0.038462 0.001443 0.030641
20001206 -0.00463 -0.041787 -0.005405
20001207 -0.005814 0 0.017663
20001208 0.025731 0.001504 0.001335
20001211 0.030787 0.018018 -0.06
20001212 -0.005531 0 0.019858
20001213 0.005562 -0.016224 -0.019471
20001214 -0.018805 -0.023988 -0.011348
20001215 -0.014656 0.003072 -0.038737
20001218 0.038902 0.036753 0.040299
20001219 -0.031938 0.013294 0.035868
20001220 -0.063709 0.004373 -0.024931
20001221 0.021871 0.039187 0.021307
20001222 0.011891 0.041899 0.006954
20001226 0.001175 0.024129 -0.005525
20001227 -0.001174 -0.005236 -0.016667
20001228 0.015276 0.002632 0.002825
20001229 0.017361 -0.006562 -0.002817
20010102 -0.05347 -0.021136 -0.049435
20010103 0.07726 0.004049 0.028232
20010104 -0.031285 0.047043 -0.049133
20010105 -0.048443 -0.057766 0.015198
20010108 -0.050909 -0.002725 0.016467
20010109 -0.040868 -0.001366 -0.0162
20010110 -0.005326 -0.01368 0.053892
20010111 0.025435 0.008322 0.007102
20010112 0.001305 -0.038514 0.009873
20010116 0.007823 0.02289 0.001397
20010117 0.023286 0.006993 0
20010118 0.003793 -0.064667 0.013947
20010119 -0.020151 -0.026946 0.019257
20010122 -0.07455 0.006154 -0.022942
20010123 0.033333 0.018349 0.024862
20010124 -0.005376 0.013514 -0.06469
20010125 0.002703 0.026667 -0.012968
20010126 0.005391 -0.001443 0.065693
20010129 0.021126 -0.003468 0.079452
20010130 0.006301 0.030162 -0.010152
20010131 -0.016907 -0.004054 0.024359
20010201 0.00828 0.002488 -0.017522
20010202 0.013055 -0.001354 -0.024204
20010205 0.006236 -0.011294 0.001305
20010206 -0.029333 -0.005712 0.040417
20010207 -0.013194 0.002068 0
20010208 0.015743 -0.00986 -0.025063
20010209 -0.001486 -0.004169 -0.006427
20010212 0.022964 0.003023 0.034929
20010213 -0.027645 0.003014 -0.0275
20010214 -0.002993 -0.007859 -0.015424
20010215 0.004717 0.027959 0.028721
20010216 0.007682 -0.010199 -0.006345
20010220 -0.02626 -0.042821 -0.012771
20010221 -0.043715 -0.020096 -0.009056
20010222 0.012054 -0.006592 -0.010444
20010223 0.008989 -0.014746 0.006596
20010226 0.006681 0.038414 0.002621
20010227 0.00531 0.020658 0.00915
20010228 -0.034331 -0.020946 -0.012953
20010301 -0.020055 0.009615 -0.001312
20010302 0.017442 0.01619 -0.001314
20010305 -0.010514 0.03866 -0.017105
20010306 -0.00693 0.00406 0.001339
20010307 0.028146 0.051449 -0.012032
20010308 0.005204 0.021154 0.02977
20010309 -0.038262 -0.019879 -0.009198
20010312 -0.054528 -0.040137 -0.046419
20010313 0.030446 0.024244 -0.004172
20010314 -0.075667 -0.027362 -0.03352
20010315 0.034304 0.004689 0.010116
20010316 -0.040703 -0.008889 0.002861
20010319 0.015191 0.012108 0.011412
20010320 -0.038442 -0.028135 -0.023977
20010321 -0.061175 -0.038523 -0.053468
20010322 -0.008288 -0.019203 -0.021374
20010323 0.060519 0.009669 0.020281
20010326 0.02663 0.02801 0.018349
20010327 0.049497 0.043316 -0.022523
20010328 -0.016141 0.015625 0.012289
20010329 -0.001282 -0.019341 0.018209
20010330 0.060062 -0.005379 0.011923
20010402 -0.038499 0.001352 0.013255
20010403 -0.043314 -0.051305 -0.02907
20010404 -0.045012 0.03297 -0.019461
20010405 0.058287 0.051206 0
20010406 -0.041765 -0.026868 -0.090076
20010409 0.011441 0.009652 0.037047
20010410 0.02801 0.016007 0.035465
20010411 0.007336 -0.012254 0.00625
20010412 0.019246 0.041427 -0.056398
20010416 -0.016841 -0.005531 0.015534
20010417 0.011679 -0.02139 0.01063
20010418 0.092355 0.059016 0.064905
20010419 0.008924 -0.008875 -0.005541
20010420 -0.033985 0.004195 -0.025436
20010423 -0.023855 0.007728 -0.030574
20010424 0.005925 0.001036 -0.033077
20010425 0.008589 0.035197 0.053567
20010426 0.019465 -0.013 -0.001258
20010427 0.043914 0.019453 -0.063508
20010430 -0.029721 -0.002186 0.041442
20010501 -0.004477 0.011554 0.034625
20010502 0.023432 -0.009453 -0.015485
20010503 -0.018039 -0.005169 -0.038559
20010504 0.032737 0.010192 0.002111
20010507 -0.014139 0.018991 -0.006319
20010508 -0.044645 0.006601 -0.014838
20010509 0.007264 0.002893 0.005917
20010510 0.029808 0.0275 -0.004813
20010511 -0.013305 -0.004305 0.01612
20010514 0.003312 -0.007143 0.021682
20010515 -0.01344 0.006058 0.011387
20010516 0.058795 0.052126 0.024565
20010517 0.001354 -0.011805 0.035464
20010518 -0.014878 0 -0.001447
20010521 0.029519 0.008145 0.019324
20010522 0.023561 0.008977 0.004739
20010523 -0.029316 -0.021352 -0.052359
20010524 -0.002237 -0.010909 0.014435
20010525 -0.028475 -0.007353 0.000491
20010529 -0.021232 0.021111 -0.025503
20010530 -0.003301 -0.031556 0.011072
20010531 -0.003549 0.014232 -0.028372
20010601 0.006173 0.01274 0.003586
20010604 0.008495 0.016955 -0.020419
20010605 -0.003276 0.001972 0.026576
20010606 -0.016901 -0.022186 -0.024366
20010607 -0.017192 0.006038 0.009365
20010608 -0.00413 -0.011822 -0.018557
20010611 0.010246 -0.017854 0.009454
20010612 0.009418 0.008621 0.009886
20010613 -0.006699 0.004088 0.007728
20010614 -0.042148 0.002776 -0.018916
20010615 -0.02087 -0.000738 0.018239
20010618 -0.010272 0.005725 0.008188
20010619 0.002595 -0.010466 0.03198
20010620 0.021222 0.029876 0.031481
20010621 0.023822 0.008829 0.089652
20010622 0.008663 -0.023933 -0.035449
20010625 -0.02135 -0.036597 0.005898
20010626 -0.022066 0.010446 -0.01263
20010627 -0.019231 -0.017105 0.001827
20010628 0.031895 -0.031172 0.032832
20010629 -0.016975 -0.012041 0.015453
20010702 0.018299 0.038162 -0.01
20010703 0.012908 0.000577 -0.034256
20010705 -0.011267 -0.005963 -0.003183
20010706 -0.030641 -0.040248 -0.065693
20010709 -0.00209 0.016129 0.022461
20010710 -0.031414 -0.032143 -0.024355
20010711 0.008919 0.00451 0.012726
20010712 0.031878 0.059184 0.000483
20010713 0.021807 0.011175 -0.009662
20010716 -0.025407 -0.040206 -0.018049
20010717 0.010949 0.063133 -0.003477
20010718 -0.033007 -0.009711 -0.025424
20010719 0.013333 0.028853 -0.005627
20010720 -0.000526 -0.00369 0.041667
20010723 0.003949 -0.001852 -0.028148
20010724 -0.008655 -0.018553 0.008638
20010725 0.006878 0.00189 -0.012091
20010726 0.018655 -0.008113 -0.031107
20010727 0.018571 0.003424 -0.013158
20010730 0.005318 0.015166 -0.018667
20010731 0.015869 0.028945 -0.019565
20010801 0.028763 -0.020871 0.02051
20010802 -0.001687 0.012048 0.002716
20010803 -0.023419 -0.002747 -0.033586
20010806 -0.016564 -0.027548 -0.017937
20010807 0.009804 0.00661 0.019977
20010808 -0.00946 -0.010131 -0.015109
20010809 0.000503 -0.007771 0.031818
20010810 0.001005 0.024833 -0.011013
20010813 0.00276 0.006897 0.020601
20010814 -0.014264 -0.002962 -0.017458
20010815 -0.018533 0.025436 -0.012215
20010816 -0.013192 -0.019555 0.016301
20010817 -0.017038 -0.007387 -0.006637
20010820 0.017333 -0.018605 0.041203
20010821 -0.040629 -0.006446 0.007487
20010822 0.017213 0.016981 -0.002654
20010823 0.012356 -0.028143 -0.00479
20010824 0.013797 0.008494 -0.008021
20010827 -0.004711 0.004211 -0.002156
20010828 -0.026821 -0.0061 -0.036197
20010829 -0.00027 -0.018604 -0.020179
20010830 -0.028378 -0.022865 -0.001716
20010831 0.013074 0 -0.033238
20010904 0.000824 0.0076 -0.023118
20010905 0.007682 -0.001588 0.008495
20010906 -0.039477 0.016501 -0.022864
20010907 -0.019274 -0.044397 -0.007389
20010910 0.01185 -0.015555 0.020471
20010917 -0.135961 -0.070894 -0.057143
20010918 -0.094876 0.022824 0.005803
20010919 -0.050402 -0.028659 -0.019231
20010920 0.007692 -0.060811 -0.041176
20010921 -0.022519 0.056355 -0.026585
20010924 0.07419 0.046992 0.048319
20010925 -0.021083 0.005638 0.005344
20010926 0.012997 -0.049806 -0.069767
20010927 0.006598 -0.006127 0.037857
20010928 0.058267 0.022831 0.028217
20011001 0.011012 -0.018304 -0.009371
20011002 -0.012934 0.032287 -0.016216
20011003 0.035172 0.044493 0.075549
20011004 -0.035404 0.000211 -0.037676
20011005 -0.037742 0.017289 0.125415
20011008 -0.012594 -0.033368 0.006486
20011009 0.056851 0.005575 -0.036907
20011010 0.017931 0.008742 0.02129
20011011 0.01626 0.042063 0.013699
20011012 -0.000333 -0.015213 -0.05993
20011015 0.03001 -0.007209 0.026875
20011016 0.013273 -0.003527 0.02678
20011017 -0.039936 -0.023111 -0.058091
20011018 0.001331 -0.003836 0.025802
20011019 -0.02559 -0.013581 0.019018
20011022 0.034106 0.017701 0.036123
20011023 -0.001979 -0.008374 -0.000581
20011024 -0.008923 -0.015808 0.010465
20011025 0.022674 0.020242 0.024741
20011026 0.00163 0.020056 0.002807
20011029 -0.025391 -0.033827 -0.050952
20011030 -0.014028 -0.017287 0.022419
20011031 -0.003049 -0.004231 -0.012118
20011101 0.010533 0.010733 0.00993
20011102 0.006725 0.011283 0.034702
20011105 0.014362 0.008532 0.039687
20011106 0.006256 0.036659 0.036022
20011107 0.036649 0.010672 -0.014011
20011108 0.022727 0.001863 -0.006316
20011109 0.009568 -0.002893 0.007945
20011112 -0.018954 -0.009741 0.003678
20011113 0.00187 0.024697 0.010995
20011114 0.039813 -0.011846 -0.009839
20011115 0.028717 -0.008475 0.002615
20011116 -0.036639 0.023556 -0.087115
20011119 0.032297 0.018534 -0.006286
20011120 -0.016082 -0.016197 -0.000575
20011121 -0.004458 -0.015854 -0.004028
20011123 0.02597 0.004544 0
20011126 0.021821 0.012541 0.003466
20011127 -0.015376 -0.011167 -0.010363
20011128 -0.026894 -0.010472 -0.016289
20011129 -0.009807 0.000208 -0.000591
20011130 -0.012305 -0.016183 0.048521
20011203 -0.023397 -0.000211 0.042889
20011204 0.037648 0.022147 0.063853
20011205 0.037781 0.043128 0.012716
20011206 0.015891 -0.000791 -0.018584
20011207 -0.013083 0.012671 -0.030194
20011210 -0.020173 -0.022287 0.008971
20011211 0.007647 0.009798 -0.004707
20011212 -0.024518 0.009901 -0.015239
20011213 -0.024536 -0.01549 -0.001601
20011214 -0.010429 -0.002788 0.026724
20011217 0.027588 -0.003395 0.016138
20011218 0.006938 0.029258 -0.000512
20011219 0.036549 0.013435 -0.021015
20011220 -0.030347 -0.027858 -0.036126
20011221 0.007452 0.016798 0.023357
20011224 0.013609 0.01069 0.001008
20011226 0.012843 0.008654 0.008537
20011227 0.008646 0.00591 0.017876
20011228 0.03 0.00815 0.007231
20011231 -0.009986 -0.017672 -0.023077
20020102 0.007565 -0.011483 0.024147
20020103 0.015886 0.013166 0.046643
20020104 0.034842 0.029238 0.082762
20020107 -0.003181 -0.013182 -0.012212
20020108 -0.014628 -0.033866 0.038919
20020109 0.002699 0.00409 -0.036139
20020110 0.016689 -0.008146 0.027435
20020111 -0.009267 -0.006257 -0.026257
20020114 -0.031267 -0.006493 0.000914
20020115 0.041379 -0.014656 0.000457
20020116 -0.029404 -0.034774 -0.030123
20020117 0.014192 0.034152 0.035765
20020118 -0.003767 -0.006692 -0.004543
20020122 0.005673 -0.016333 -0.02419
20020123 -0.020951 0.012038 0.058934
20020124 0.00823 0.006973 0.022085
20020125 0.006531 0.020367 -0.012532
20020128 -0.018924 0.014571 0.001313
20020129 -0.050978 -0.022231 -0.024476
20020130 0.024971 0.01006 0.019713
20020131 0.015581 0.001594 0.044376
20020201 -0.020921 0.004773 -0.037863
20020204 -0.047863 -0.029493 -0.025361
20020205 0.032316 -0.005099 0.003589
20020206 -0.046377 -0.00328 -0.026375
20020207 0.004559 -0.024475 -0.00551
20020208 0.024206 0.02256 0.014774
20020211 -0.009749 0.026392 -0.008189
20020212 -0.015811 0.009241 -0.012385
20020213 0.030918 0.010549 0.02183
20020214 0.01676 -0.004727 -0.011818
20020215 -0.026027 -0.011874 -0.00828
20020219 -0.012767 -0.000601 -0.00974
20020220 0.017744 0.024048 0.013115
20020221 -0.012411 0.015264 -0.024503
20020222 0.006882 0.01542 0.024171
20020225 0.041308 0.064161 0.024988
20020226 0.005708 -0.001784 0.007223
20020227 0.01504 -0.001072 0.005827
20020228 0.01901 -0.006977 0.025401
20020301 0.023594 0.014772 0.021295
20020304 0.055481 0.048819 0.024255
20020305 -0.00838 -0.01828 -0.024927
20020306 0.022279 0.017586 -0.014061
20020307 -0.010271 -0.008472 -0.000864
20020308 0.024298 0.013841 -0.00692
20020311 0.026686 -0.003877 -0.004791
20020312 -0.011071 -0.003215 0.002188
20020313 -0.015089 -0.024105 -0.01048
20020314 0.003459 0.020351 0.030009
20020315 0.037922 0.019264 0.017566
20020318 -0.004745 -0.011206 -0.000421
20020319 0.013826 0.003045 0.005055
20020320 -0.016224 -0.021417 -0.007544
20020321 -0.019598 -0.016026 0.012669
20020322 0.00195 0.000525 -0.016681
20020325 -0.017518 -0.02083 -0.016115
20020326 0.005448 0.005542 0.0125
20020327 0.014532 0.022044 -0.000851
20020328 -0.005584 -0.011132 -0.014487
20020401 -0.018799 0.001231 0.00735
20020402 -0.008211 -0.009136 -0.000858
20020403 -0.006523 -0.026241 0.009021
20020404 0.015941 0.008922 0.016603
20020405 0.013699 0.035192 0.0067
20020408 -0.001474 0.006799 0.017055
20020409 0.014518 0.002251 0.020041
20020410 0.004123 0.027816 0.004812
20020411 -0.02971 -0.017818 -0.005587
20020412 0.006473 -0.007873 0.010032
20020415 -0.006678 0.000345 -0.002384
20020416 0.02988 -0.023107 0.010753
20020417 -0.005077 -0.015004 0.00985
20020418 0.030134 -0.009498 -0.008974
20020419 0.024534 0.002185 -0.016535
20020422 -0.019111 -0.021984 -0.000801
20020423 0.005634 -0.013561 0.008414
20020424 -0.006536 -0.001883 0.000397
20020425 0.001175 0.011321 0.007943
20020426 -0.013142 0.010261 -0.073286
20020429 -0.02497 -0.023269 -0.018708
20020430 0.000244 0.032709 -0.011265
20020501 0.017801 -0.008971 0.035057
20020502 0.0115 0.009607 0.00127
20020503 -0.009 -0.011894 -0.007611
20020506 -0.017447 -0.02963 -0.034512
20020507 -0.010946 0.004008 0.006178
20020508 0.050172 0.045809 -0.002193
20020509 -0.011007 -0.021083 -0.014945
20020510 -0.017286 -0.019495 -0.017358
20020513 0.036145 -0.001136 0.02039
20020514 0.034651 0.028246 0.049844
20020515 0.008541 0.032448 0.012293
20020516 -0.008246 -0.014821 0
20020517 -0.006966 -0.006888 0.007538
20020520 -0.02014 -0.013689 -0.031172
20020521 -0.023326 -0.011103 -0.011154
20020522 0.002601 0.015531 -0.008243
20020523 0.012028 -0.000369 0.001312
20020524 -0.008856 -0.00553 -0.020096
20020528 -0.019986 -0.008526 -0.014267
20020529 0.016315 -0.018508 0.040253
20020530 -0.002597 -0.009524 0.024783
20020531 0.006154 0.005192 0.030123
20020603 -0.033404 -0.008035 -0.025124
20020604 -0.024337 -0.019479 0.023236
20020605 0.022948 0.011605 0.031379
20020606 -0.01585 -0.022944 -0.02522
20020607 -0.029732 0.007363 0.022998
20020610 0.012002 -0.001778 -0.01124
20020611 -0.02271 -0.019394 -0.028827
20020612 -0.041053 -0.008073 0.019649
20020613 -0.032849 0.002035 -0.02747
20020614 0.001114 -0.007107 -0.003373
20020617 0.062291 -0.017587 0.028342
20020618 0.013089 0.029351 0.006582
20020619 -0.018605 -0.024874 -0.001226
20020620 -0.015008 -0.009747 0.022504
20020621 -0.00294 -0.001466 -0.010804
20020624 -0.005362 -0.002727 0.001214
20020625 -0.021024 0.01367 -0.010101
20020626 -0.017897 -0.011203 -0.000408
20020627 0.039529 0.021821 0.0196
20020628 -0.020496 0.005133 -0.004806
20020701 0.021751 -0.019408 -0.019718
20020702 -0.005389 -0.0175 -0.034483
20020703 -0.017377 -0.02078 -0.015306
20020705 0.032053 0.044608 0.029361
20020708 -0.009371 -0.008085 -0.008809
20020709 -0.022703 -0.015047 -0.03978
20020710 -0.036781 -0.034585 -0.007933
20020711 0.005742 -0.009451 -0.005331
20020712 -0.001427 0.009541 -0.017865
20020715 -0.038308 -0.006813 0.008186
20020716 0.007134 -0.048462 -0.042851
20020717 0.003837 0.005814 0.008483
20020718 -0.014113 -0.005087 -0.020561
20020719 -0.056069 -0.029756 -0.04103
20020722 -0.084676 -0.018836 -0.023881
20020723 -0.010701 -0.015506 -0.038226
20020724 0.061759 0.08 0.117117
20020725 -0.005587 -0.009491 -0.050759
20020726 -0.002974 0.017761 -0.025487
20020729 0.110043 0.053961 0.041538
20020730 0.01284 -0.012854 -0.02905
20020731 0.039505 -0.013463 -0.004564
20020801 -0.025525 -0.032215 -0.040244
20020802 -0.038999 -0.038373 -0.001592
20020805 -0.080557 -0.028846 -0.009569
20020806 0.054018 0.049257 0.024691
20020807 0.033437 0.010852 0.009953
20020808 0.059873 0.039673 0.005705
20020809 0.025678 0.000449 0.005157
20020812 -0.013074 -0.007853 0.011852
20020813 -0.01832 -0.000452 -0.039602
20020814 0.044215 0.002715 0.081309
20020815 0.029695 -0.00361 0.039063
20020816 -0.017357 -0.015851 -0.021617
20020819 0.022554 0.028302 0.04755
20020820 -0.029498 -0.009846 -0.034846
20020821 0.013965 0.004746 -0.008551
20020822 0.031326 0.020018 0.012458
20020823 -0.022257 -0.011025 -0.004733
20020826 0.019014 0.006243 -0.001902
20020827 -0.02523 -0.006204 -0.03192
20020828 -0.022917 -0.013824 -0.022638
20020829 -0.005795 -0.020574 0.029708
20020830 0.000833 0.007387 -0.017115
20020903 -0.07543 -0.023144 -0.00597
20020904 0.034793 0.000469 0.036036
20020905 -0.011304 -0.00211 -0.022705
20020906 0.017297 0.015038 0.03213
20020909 0.004611 -0.001852 0.000958
20020910 0.004016 -0.005798 0.007177
20020911 -0.006 0.001866 -0.026603
20020912 -0.027307 -0.013038 -0.013177
20020913 0.010343 -0.041283 0.016815
20020916 0.019011 0.000984 0.000486
20020917 -0.045637 -0.030236 -0.022363
20020918 -0.023759 -0.011153 0.011437
20020919 -0.028035 -0.025891 0.001868
20020920 0.00729 -0.003421 0.019727
20020923 -0.016048 -0.005545 -0.02358
20020924 -0.009914 -0.021243 -0.015279
20020925 0.023902 0.030928 0.035035
20020926 0.037539 0.024474 0.024275
20020927 -0.04287 -0.036733 -0.008592
20020930 -0.00953 -0.007467 -0.017143
20021001 0.049391 0.038957 0.040698
20021002 -0.04401 -0.023015 -0.026536
20021003 -0.039744 -0.007676 0.009087
20021004 -0.04773 -0.039477 0.006066
20021007 -0.067648 -0.003332 -0.005559
20021008 0.067669 0.011981 0.029844
20021009 -0.037676 -0.067731 -0.00966
20021010 0.072082 0.035735 0.031073
20021011 0.053584 0.043057 0.020316
20021014 0.007451 -0.023784 0.019426
20021015 0.084244 0.063568 0.019489
20021016 -0.045077 0.020537 -0.005523
20021017 0.059006 0.05031 -0.072191
20021018 -0.008798 0.01561 0.028499
20021021 0.018935 0.046841 0.034514
20021022 -0.009001 -0.026334 -0.022501
20021023 -0.012599 0.024414 0.023462
20021024 -0.033828 -0.039486 -0.028979
20021025 0.017506 0.00827 0.065924
20021028 0.033806 -0.023643 -0.030924
20021029 0.019854 -0.000247 0.013368
20021030 0.034354 0.012605 0.011915
20021031 0.006643 -0.002929 0.002523
20021101 -0.003299 0.030845 0.000839
20021104 0.03531 0.01781 -0.041911
20021105 -0.02478 0.005133 0.020997
20021106 0.006284 0.011374 -0.007284
20021107 -0.036112 -0.02364 -0.009927
20021108 0.001408 0.014574 -0.016129
20021111 -0.011252 -0.03962 -0.035445
20021112 -0.00256 0.027503 0.003215
20021113 0.003993 0.010801 0.002289
20021114 0.049716 0.028339 0.02878
20021115 0.018945 0.018297 -0.023091
20021118 -0.02417 -0.010204 -0.022273
20021119 0.014153 0.007396 -0.006044
20021120 0.034353 0.03515 0.024322
20021121 0.022314 0.032022 -0.016895
20021122 0.002792 0.011037 0.013005
20021125 -0.00329 0.002678 0.00917
20021126 -0.037329 -0.032662 -0.006361
20021127 0.032445 0.046082 0.026063
20021129 -0.005365 0.012992 -0.031194
20021202 -0.007963 -0.013627 -0.00736
20021203 -0.015795 -0.039009 -0.027804
20021204 -0.006051 -0.012051 0.008103
20021205 -0.011117 -0.00856 -0.028369
20021206 0.006424 -0.003454 0.034063
20021209 -0.026596 -0.025341 -0.029647
20021210 0.00847 0.012222 -0.001455
20021211 -0.006773 0.003513 -0.01117
20021212 -0.000273 -0.012907 0.01719
20021213 -0.019373 -0.011525 -0.0169
20021216 0.024485 0.037668 0.046169
20021217 -0.000815 -0.009723 -0.008451
20021218 -0.020386 -0.005019 0.01089
20021219 -0.004162 -0.008114 -0.025293
20021220 0.031485 0.028079 -0.003364
20021223 -0.002971 -0.003226 0.008679
20021224 -0.012192 0.001079 -0.010516
20021226 -0.000549 -0.002155 0.004831
20021227 -0.020856 -0.026782 -0.0125
20021230 -0.000561 0.009099 0.003895
20021231 -0.00645 0.005498 -0.011639
20030102 0.037341 0.044401 0.040236
20030103 0.003545 -0.006702 -0.003774
20030106 0.035054 0.020451 0.016572
20030107 -0.013389 -0.011364 -0.010713
20030108 -0.007451 -0.030303 -0.021186
20030109 0.02118 0.020259 0.000481
20030110 0.002363 0.00169 0.004327
20030113 0.009429 0.005905 -0.011489
20030114 -0.002854 -0.006499 -0.018402
20030115 -0.019776 -0.004431 0.003947
20030116 -0.007964 0.009114 -0.004914
20030117 -0.011774 -0.004443 -0.007901
20030121 -0.026537 -0.020829 -0.014435
20030122 -0.0242 -0.035164 0.012626
20030123 0.005416 0.023172 -0.001496
20030124 -0.044514 -0.034301 0.146354
20030127 -0.008309 -0.015255 -0.014379
20030128 0.047876 0.01341 0.003095
20030129 0.003998 0.005019 0.00617
20030130 -0.012514 -0.022701 -0.014893
20030131 0.023329 0.021603 0.010227
20030203 0.004785 0.006139 -0.004401
20030204 -0.028011 -0.011525 -0.011936
20030205 -0.001441 -0.001829 -0.007159
20030206 -0.025686 -0.015804 -0.004056
20030207 -0.000592 -0.007913 -0.00543
20030210 -0.005039 -0.001173 0.007734
20030211 -0.011915 0 -0.001354
20030212 -0.020199 -0.012682 -0.000452
20030213 0.001538 0.001903 -0.007237
20030214 0.018433 0.026828 0.025968
20030218 0.034691 0.030058 0.017318
20030219 -0.001458 0.031425 -0.003492
20030220 -0.016934 0.007617 -0.010512
20030221 -0.000594 0.005184 0.032315
20030224 -0.019911 -0.015685 -0.034734
20030225 0.002426 0.000218 0.013772
20030226 -0.009982 -0.001528 -0.027169
20030227 0.010694 0.021202 0.04009
20030228 0.015115 0.005993 0.015591
20030303 -0.012508 0.001702 -0.009808
20030304 -0.012063 -0.039507 0.00646
20030305 0.0116 0.009067 0.001284
20030306 -0.017803 -0.022573 -0.000855
20030307 0.015975 0.026906 -0.02053
20030310 -0.035984 -0.022052 -0.018734
20030311 -0.009097 -0.006475 -0.001825
20030312 -0.003166 -0.006292 0.003121
20030313 0.049222 0.061284 0.069333
20030314 0.013317 0.001918 0.008313
20030317 0.065114 0.068269 0.048228
20030318 0.011217 -0.008561 -0.014157
20030319 0.006656 -0.000201 -0.003191
20030320 0.011019 0.01667 0.010404
20030321 0.031608 0.038127 0.043564
20030324 -0.039884 -0.034634 -0.040228
20030325 -0.029986 0.005322 0.028074
20030326 -0.002269 -0.015686 0.010769
20030327 -0.021319 0.010359 0
20030328 -0.006099 -0.009464 -0.015221
20030331 -0.02893 -0.020701 -0.004637
20030401 0.011736 0.009146 -0.016693
20030402 0.035693 0.04149 0.036715
20030403 -0.001727 0.00174 -0.017136
20030404 0.023068 -0.006371 -0.023634
20030407 0.008174 0.004469 0.012698
20030408 -0.015096 0.007737 0.009796
20030409 -0.023559 -0.007486 -0.013582
20030410 0.013663 0.021659 0.012195
20030411 -0.007169 0.002839 -0.007773
20030414 0.028596 0.012458 0.021543
20030415 0.036226 -0.017524 0.025307
20030416 -0.014905 -0.017837 -0.037771
20030417 0.020083 0.011087 0.004664
20030421 -0.016451 -0.002693 -0.025145
20030422 0.038936 0.021605 -0.003175
20030423 -0.009765 -0.001888 -0.021497
20030424 -0.012527 -0.002081 0.026444
20030425 -0.009717 -0.015545 -0.069758
20030428 0.021804 0.016368 0.02386
20030429 0.006402 -0.007389 -0.004578
20030430 0.003446 0.004008 -0.01714
20030501 -0.002905 -0.014259 0.020842
20030502 0.018808 0.009643 -0.009167
20030505 -0.0039 0.006304 -0.010513
20030506 0.020621 0.023159 0.018274
20030507 -0.002302 -0.010575 -0.015025
20030508 -0.018969 -0.025502 -0.025424
20030509 0.039979 0.022705 0.01
20030512 0.015578 0.020696 0.006888
20030513 -0.002969 -0.019908 -0.010688
20030514 0.00273 -0.007147 -0.001729
20030515 0.014353 0.011555 0.032468
20030516 -0.009027 -0.008052 -0.014423
20030519 -0.022895 -0.027752 -0.025781
20030520 -0.000756 -0.004854 0.007424
20030521 0.010842 -0.016 -0.0013
20030522 -0.003492 0.015665 0.021311
20030523 0.001001 -0.004295 -0.004292
20030527 0.018255 0.029608 0.011524
20030528 0.022348 0 -0.002954
20030529 -0.014413 -0.038278 -0.00127
20030530 0.015355 0.032673 0.045339
20030602 0.017283 0.000575 -0.007296
20030603 -0.000708 0.014757 -0.002858
20030604 0.02621 0.018319 -0.002047
20030605 0.00092 0.008346 0.011079
20030606 -0.007356 0.004414 -0.006494
20030609 -0.009495 -0.007142 -0.006127
20030610 0.007716 0.007377 0.002877
20030611 0.012761 0.037349 -0.002459
20030612 -0.000229 -0.009354 -0.007395
20030613 -0.004812 -0.001425 -0.00745
20030616 0.02671 0.032828 0.032527
20030617 -0.013007 -0.002246 -0.01252
20030618 -0.002272 -0.012812 -0.011861
20030619 -0.019813 -0.00912 0.000414
20030620 -0.002556 0.013274 -0.006206
20030623 -0.018635 -0.010306 0.002498
20030624 0.009494 -0.003706 -0.001246
20030625 -0.001411 -0.005314 0.001663
20030626 0.002825 0.010864 0.014944
20030627 -0.003992 -0.016385 0.00409
20030630 -0.01438 -0.003045 0
20030701 0.004784 -0.016529 0.031772
20030702 0.009067 0.018268 0.064745
20030703 -0.000473 -0.00305 -0.011123
20030707 0.030755 0.015116 0.022872
20030708 0.014919 0.005318 0.001466
20030709 -0.009272 -0.004937 -0.006955
20030710 -0.011869 -0.003721 -0.016955
20030711 0.015477 0.020633 0.006749
20030714 0.032757 0.008714 -0.000745
20030715 -0.005727 0.003283 -0.013045
20030716 0.008861 0.009816 0.016616
20030717 -0.01581 0.089529 -0.021917
20030718 0.016064 0.032578 0.011774
20030721 -0.023715 -0.00442 0.002252
20030722 0.006973 -0.017146 0.007116
20030723 -0.00201 0.010125 -0.001859
20030724 -0.006267 -0.015883 -0.016766
20030725 0.027027 0.02319 0.011747
20030728 -0.012939 -0.003063 -0.003371
20030729 -0.003555 0.00384 -0.008643
20030730 -0.011148 0.016832 0.018575
20030731 -0.004059 0.01535 0.017119
20030801 -0.01698 -0.003705 -0.00805
20030804 0.005758 -0.001785 -0.005902
20030805 -0.027937 -0.00611 -0.024119
20030806 0.025913 -0.008697 -0.006464
20030807 0.015844 0.015883 -0.000383
20030808 0.003165 0.015634 0.002297
20030811 -0.00676 0.006891 0.008785
20030812 0.018603 0.023588 0.009087
20030813 -0.00245 0.001422 -0.005253
20030814 0.016968 0.003551 0.016598
20030815 -0.001098 0.004388 -0.002226
20030818 0.002198 0.029312 0.012644
20030819 0.004167 -0.001917 -0.007345
20030820 -0.006988 -0.008779 0.0037
20030821 0.010117 0.015915 0
20030822 -0.011104 -0.02343 -0.012164
20030825 -0.006385 -0.028316 0.014179
20030826 -0.012852 -0.001579 -0.002943
20030827 -0.001796 0.008771 0.000738
20030828 0.010794 0.006984 0.019174
20030829 0.002225 0.016702 0.027135
20030902 0.011765 0.008771 0.012681
20030903 0.001755 -0.007038 0.007304
20030904 -0.003723 -0.011953 0.007942
20030905 -0.006375 -0.013504 -0.013018
20030908 0.011062 0.005419 0.006248
20030909 -0.003063 -0.015742 -0.003794
20030910 -0.011194 -0.005764 -0.012465
20030911 0.008435 -0.013478 0.018583
20030912 -0.011666 -0.000735 0.003787
20030915 -0.005791 0.014408 -0.009945
20030916 0.013665 0.010145 0.018705
20030917 0.00221 0.007604 -0.010201
20030918 0.038148 0.015236 0.016146
20030919 -0.000637 -0.001543 -0.013185
20030922 -0.009139 -0.010114 -0.003768
20030923 0.008365 0.013907 0.038171
20030924 -0.023612 -0.014136 -0.002981
20030925 -0.006318 -0.021863 -0.003987
20030926 -0.016444 -0.009434 -0.013676
20030929 0.01605 0.013773 -0.01116
20030930 -0.011409 -0.005059 -0.015048
20031001 0.024412 0.036316 0.017361
20031002 0.002388 0.019064 0.004437
20031003 0.00888 0.009354 0.026843
20031006 -0.000859 0.008586 -0.005956
20031007 0.005801 0.00554 0.008322
20031008 -0.006195 0.011959 -0.012545
20031009 0.012683 0.010224 0.01003
20031010 0.008491 -0.004338 -0.000662
20031013 0.013681 0.015182 0.006625
20031014 0.017649 -0.00039 -0.000987
20031015 -0.014487 0.024067 -0.003623
20031016 0.001656 -0.051067 0.006281
20031017 -0.011162 -0.01009 -0.012484
20031020 0.001672 0.005708 0.004325
20031021 0.010017 -0.016757 -0.006625
20031022 -0.028099 -0.016355 -0.002334
20031023 0.012543 -0.002934 0.003342
20031024 -0.00021 -0.004344 0.008661
20031027 -0.01827 0.009148 -0.008917
20031028 0.016898 0.015063 0.032989
20031029 -0.003997 0.009343 0.003226
20031030 -0.017529 0.005445 0.010932
20031031 0.008813 -0.007853 0.005089
20031103 0.006392 0.010508 0.003481
20031104 -0.002329 0.010263 -0.004415
20031105 0.004032 0.001738 0.017738
20031106 0.001268 -0.005471 0.012138
20031107 -0.018366 -0.026298 0.000307
20031110 -0.009032 -0.006614 -0.013833
20031111 -0.013021 -0.001942 -0.002806
20031112 0.011873 0.023767 0.018756
20031113 -0.004781 -0.002444 0.012581
20031114 -0.010262 -0.01184 -0.028273
20031117 -0.030885 -0.001515 -0.011133
20031118 0.01252 -0.01669 -0.023336
20031119 0.008993 0.02076 -0.008718
20031120 -0.010695 -0.000275 -0.007818
20031121 0.011261 0.001924 0.001642
20031124 0.005568 0.006174 0.019338
20031125 0.00443 0.02318 0.013183
20031126 0.008379 0.004797 0.01809
20031128 -0.000437 0.008621 0.002805
20031201 0.007438 0.00973 0.008082
20031202 -0.005429 -0.015757 -0.011718
20031203 0.004149 -0.001323 -0.00312
20031204 0.001739 -0.007154 0.001878
20031205 -0.012372 0.020817 -0.005311
20031208 0.014286 0.00366 0.015075
20031209 -0.009751 -0.003907 -0.020421
20031210 -0.01116 -0.006276 0.001579
20031211 0.001328 0.025526 0.015137
20031212 -0.001105 0.001026 -0.01429
20031215 0.002434 0.006409 -0.006618
20031216 -0.000883 0.031839 0.015228
20031217 -0.005964 0.012343 -0.007187
20031218 0.039333 0.020605 0.017627
20031219 0.009408 0.012424 -0.007423
20031222 0.004872 -0.011445 -0.002805
20031223 0.005059 -0.001552 0.0025
20031224 0.004195 -0.001674 -0.00717
20031226 -0.001044 0.002395 0.002826
20031229 0.014008 0.010632 0.011271
20031230 -0.002268 -0.006265 0.012693
20031231 -0.001243 -0.01249 0.013757
20040102 -0.009952 -0.004457 -0.007539
20040105 0.008796 0.027223 0.015193
20040106 0.001661 -0.017668 0.012272
20040107 0.002902 -0.010911 -0.00414
20040108 -0.002893 -0.007759 -0.008907
20040109 -0.007461 -0.017104 -0.008388
20040112 -0.003967 0.02486 0.007855
20040113 0.003564 0.000606 -0.007494
20040114 0.018383 0.014545 0.015705
20040115 0.019077 0.000597 0.009218
20040116 0.00463 0.009115 0.018268
20040120 0.006612 -0.023651 0.007813
20040121 0.003185 0.015216 0.004881
20040122 -0.007937 0.007194 0.020857
20040123 -8e-04 0.002024 0.004198
20040126 0.019816 0.00998 0.01282
20040127 -0.009225 -0.035408 -0.018162
20040128 -0.014461 -0.029024 -0.006166
20040129 0.024121 -0.029641 0.028765
20040130 0.017468 0.011261 0.003564
20040202 0.013503 -0.008191 -0.01038
20040203 -0.000571 -0.005807 0.006624
20040204 -0.004761 -0.014797 0.010694
20040205 -0.003444 0.005534 -0.002713
20040206 0.018817 0.028564 0.01333
20040209 0.000942 -0.010573 -0.011275
20040210 -0.004896 -0.014291 0.002444
20040211 0.016272 0.031348 0.012189
20040212 -0.006703 -0.003419 -0.010436
20040213 0.005623 -0.016139 -0.007572
20040217 0.000559 0.027125 0.055858
20040218 -0.005216 -0.007671 -0.019871
20040219 0 -0.004816 0.001843
20040220 -0.004494 -0.021775 -0.007359
20040223 -0.001881 0.005207 0.00053
20040224 0.002262 -0.006734 0.028314
20040225 0.007522 0.006258 0.002316
20040226 -0.003546 0.009977 -0.039538
20040227 0.000562 -0.028223 -0.000267
20040301 0.004306 0.014389 0.011497
20040302 -0.004473 0.009761 -0.011631
20040303 0.001498 -0.00348 0.011233
20040304 -0.00243 -0.005432 0.003174
20040305 -0.011057 -0.006892 0.002373
20040308 0.007012 0.006809 -0.014729
20040309 0.000753 -0.006373 0.001869
20040310 -0.018616 -0.037827 0.007994
20040311 -0.012646 -0.004897 -0.005287
20040312 0.01145 0.024334 -0.000797
20040315 -0.022448 -0.012678 -0.015425
20040316 -0.005888 0.018518 0.009724
20040317 0.00691 0.024818 -0.000535
20040318 0.01098 -0.000259 -0.00803
20040319 -0.00931 -0.011658 -0.007285
20040322 -0.017032 -0.010485 0.011144
20040323 0 0.004636 -0.010753
20040324 -0.003585 0.006328 0.004891
20040325 -0.001599 0.010743 0.008383
20040326 0.001602 0.003759 -0.012604
20040329 0.01659 0.026343 0.023085
20040330 0.020645 0.006542 0.009557
20040331 0.000771 -0.011625 -0.004207
20040401 0.00675 -0.000885 0.009506
20040402 0.004406 0.027848 0.027988
20040405 0.003052 0.014902 0.010178
20040406 -0.003613 0.006067 0
20040407 -0.000382 -0.00977 -0.011839
20040408 -0.004582 -0.001462 -0.002294
20040412 0.002301 0.021591 0.001533
20040413 -0.016456 -0.020657 -0.018367
20040414 -0.031128 -0.01207 -0.006237
20040415 -0.001004 -0.002838 -0.004707
20040416 0.016683 0.01448 -0.00578
20040419 -0.007315 -0.011834 0.006607
20040420 -0.013941 -0.012593 -0.022578
20040421 0.007473 0.013753 0
20040422 0.018043 0.041811 0.049154
20040423 -0.010043 -0.025446 0.003072
20040426 0.000199 -0.012933 -0.004594
20040427 -0.002585 0.011125 0.006923
20040428 -0.022134 -0.025672 -0.008403
20040429 0 -0.0266 0.004366
20040430 -0.001835 0.001934 -0.004858
20040503 0.008989 0.021099 0.00591
20040504 -0.00162 -0.004536 0.011494
20040505 0.004259 -0.002658 0.005556
20040506 -0.006866 -0.012056 -0.009794
20040507 -0.01403 -0.009377 -0.032463
20040510 -0.00495 -0.054979 -0.004718
20040511 -0.00228 0.003019 0.004214
20040512 0.001454 0.024077 -0.009441
20040513 0.005393 -0.002672 0.002118
20040514 0.008046 0.013796 0.00502
20040517 -0.001842 -0.028405 -0.012093
20040518 0.004511 0.002856 0.000798
20040519 -0.003062 0.000678 -0.001861
20040520 0.010033 -0.020867 0.024774
20040521 0.006081 0.010656 0.007798
20040524 0.006045 0.013282 -0.000258
20040525 0.010615 0.008784 0.021156
20040526 -0.004162 0.002679 0.002274
20040527 0.015323 0.004275 0.008823
20040528 -0.006272 0.002395 0.014493
20040601 -0.001972 0.008096 0.011084
20040602 0.006324 0.006056 0.009013
20040603 -0.003339 -0.016619 -0.005311
20040604 0.004532 0.004657 0.003883
20040607 0.009219 0.029139 0.023211
20040608 0.004276 -0.007465 0.018195
20040609 -0.008516 -0.022303 -0.00789
20040610 -0.000586 0.002652 -0.002807
20040614 -0.00293 -0.011111 -0.015248
20040615 0.00333 0.008427 0.019057
20040616 0.005662 -0.018305 0.003273
20040617 -0.000971 0.009593 0.003262
20040618 0.009716 -0.004015 0.014863
20040621 -0.008853 0.007525 0.001373
20040622 0 0.022273 0.000914
20040623 -0.002136 0.016177 0.008676
20040624 -0.008367 0.015535 -0.012449
20040625 0.007653 -0.01201 -0.009856
20040628 -0.007984 -0.008573 0.00162
20040629 0.006478 0.017295 -0.001387
20040630 0.004096 0.007866 0.00648
20040701 -0.000973 -0.015861 0.025983
20040702 -0.001753 -0.018675 0.020619
20040706 -0.008002 0.00013 -0.002855
20040707 0.003541 0.010035 0.016076
20040708 -0.014507 -0.012516 -0.021456
20040709 -0.005172 0.007187 0.011296
20040712 -0.005999 0.01492 -0.001095
20040713 -0.004426 0.013294 0.004166
20040714 -0.004849 -0.006181 0.003493
20040715 -0.007107 0.00787 0.001306
20040716 -0.003477 -0.014862 0.003259
20040719 -0.005746 0.004884 0.008664
20040720 0.013829 -0.001535 -0.003006
20040721 -0.015676 -0.014346 -0.017015
20040722 -0.000414 -0.044444 0.04645
20040723 -0.004552 -0.004216 -0.014657
20040726 0.016421 -0.008468 -0.007012
20040727 0.011043 -0.005923 0.022256
20040728 0.009102 0.017459 0.002303
20040729 0.001403 0.006809 -0.00731
20040730 0.005805 -0.005952 -0.011361
20040802 0.000597 -0.005307 -0.011066
20040803 -0.007359 -0.019425 -0.013342
20040804 0.006011 0.000279 -0.00916
20040805 -0.013145 -0.02901 -0.003082
20040806 -0.004238 0.009049 -0.035549
20040809 -0.000811 -0.002562 0.00641
20040810 0.016024 0.016983 0.025478
20040811 0.000799 0.011226 -0.010648
20040812 -0.013166 -0.004163 -0.019507
20040813 -0.002426 -0.000139 -0.012349
20040816 0.001418 0.01561 0.00903
20040817 0.006273 -0.005352 0.002754
20040818 0.006033 0.000276 0.018078
20040819 -0.003998 -0.01669 0.003596
20040820 0.003412 0.013326 0.008735
20040823 -0.006 -0.00263 -0.00111
20040824 0.001006 0.015267 0.014892
20040825 0.00402 0.009843 0.008322
20040826 0.003403 -0.002166 -0.064509
20040827 -0.002394 -0.000136 -0.011609
20040830 -0.0074 -0.019674 0.004463
20040831 0.007858 0.006228 0.011226
20040901 0.001799 -0.0011 -0.000231
20040902 0.005987 0.007298 0.027065
20040903 -0.002976 0.005605 -0.000901
20040907 0.014525 0.025557 0.000451
20040908 -0.000981 -0.003181 -0.001352
20040909 -0.000785 -0.004388 0.006769
20040910 0.008448 0.003072 0.005379
20040913 0.003117 0.011451 0.00379
20040914 -0.003107 -0.00316 0.020875
20040915 -0.008377 -0.014131 -0.011964
20040916 0 0.002545 0.004403
20040917 0.009823 0.017103 0.009426
20040920 -0.004669 -0.003153 -0.009772
20040921 0.006255 0.00593 0.002851
20040922 -0.011849 -0.012708 -0.020993
20040923 0 -0.011412 -0.002234
20040924 0.006684 0.00349 0.008283
20040927 -0.010935 -0.004548 -0.014654
20040928 0.003554 0.033324 0.004507
20040929 0.01082 0.046814 0.020637
20040930 0.001557 -0.000621 -0.000879
20041001 0.003692 0.001865 0.038715
20041004 0.018974 0.008065 -0.0036
20041005 0.00247 -0.010831 0.008077
20041006 0.011941 0.007839 0.011596
20041007 -0.003754 -0.012346 -0.018549
20041008 -0.015451 -0.00625 0.006371
20041011 0.005359 -0.001132 0.008863
20041012 0.003427 0.004156 0.004811
20041013 -0.010624 -0.008152 -0.008118
20041014 -0.008437 0.005184 0.002938
20041015 0.015278 0.02 0.035154
20041018 0.00381 0.000493 0.016778
20041019 -0.010057 -0.003205 0.000199
20041020 -0.00115 -0.000989 -0.000994
20041021 0.003454 -0.041466 0.009948
20041022 -0.01071 0.004024 -0.012214
20041025 -0.011212 0.01293 -0.009573
20041026 0.012317 0.013659 0.017116
20041027 0.014871 0.017504 0.025342
20041028 0.003806 -0.015718 0.020467
20041029 0.006066 0.0127 0.000568
20041101 -0.003015 0.016141 0.007942
20041102 0.020601 0.001833 -0.006004
20041103 0.006296 0.027564 0.009438
20041104 0.011226 0.019347 0.021877
20041105 0.003094 0.015021 -0.002562
20041108 -0.006531 -0.001835 -0.002018
20041109 -0.002374 0.014941 0.007721
20041110 0.002563 0.004869 0.008574
20041111 0.01132 0.012508 0.002749
20041112 0.004333 0.001336 -0.002561
20041115 0.006651 -0.003112 -0.002532
20041116 -0.004286 0.002118 -0.009427
20041117 0.005022 0.011126 0.017387
20041118 -0.000178 0.006162 0.003418
20041119 -0.00589 -0.01378 -0.010219
20041122 0.00754 -0.000887 0.023184
20041123 0.001426 0.008768 -0.001416
20041124 0.00089 0.012873 0.006382
20041126 -0.002489 0.008038 -0.002995
20041129 -0.005168 -0.017672 -0.003357
20041130 -0.001971 0.004278 -0.002659
20041201 0.013283 0.012015 0.022929
20041202 -0.005314 -0.00993 0.019114
20041203 0.001781 -0.00883 -0.001159
20041206 0.000178 -0.00385 0.002697
20041207 -0.014397 0.00276 -0.025026
20041208 0.004148 -0.002092 0.016413
20041209 -0.006825 0.009268 0.007559
20041210 -0.00217 0.00164 -0.01006
20041213 -0.002537 0.025759 0.010851
20041214 0.016533 -0.002979 0.000511
20041215 0.003396 0.012593 -0.000681
20041216 -0.003563 -0.000949 -0.010907
20041217 -0.000536 -0.005802 0.002412
20041220 -0.001073 0.001167 0.009797
20041221 0.010564 0.020244 0.003574
20041222 0.008505 0.009246 0.036974
20041223 -0.008609 0.001647 -0.008505
20041227 -0.00319 -0.012434 0.012867
20041228 0.001778 0.024662 0.027524
20041229 -0.001242 0 0.012363
20041230 -0.00231 -0.009445 -0.019258
20041231 0.003918 -0.000308 -0.00447
20050103 -0.00816 -0.025023 -0.019564
20050104 -0.015024 -0.011045 -0.000654
20050105 -0.009261 -0.019145 0.008183
20050106 -0.005143 0.014747 -0.030195
20050107 -0.007386 -0.002137 -0.001172
20050110 0.002046 -0.00921 -0.030836
20050111 -0.009282 -0.013835 -0.007609
20050112 -0.002248 0.012385 -0.006447
20050113 -0.006948 0.005305 -0.028937
20050114 -0.003026 0.008938 0.015171
20050118 0.008156 -0.008005 0.030955
20050119 -0.001693 -0.011023 -0.003451
20050120 -0.012439 -0.015627 -0.01974
20050121 -0.008969 -0.009436 -0.016428
20050124 0.012902 -0.01244 -0.031789
20050125 0.01597 0.027009 0.001669
20050126 -0.006362 0.006851 0.024815
20050127 -0.006026 -0.050483 -0.041742
20050128 0.000379 0.010865 0.012634
20050131 0.010417 0.018751 0.005587
20050201 0.06373 0.011448 0.006481
20050202 -0.017269 0.009876 -0.00644
20050203 -0.006455 0.00868 -0.082037
20050204 0.007399 0.001089 0.021989
20050207 -0.004658 -0.005876 0.006711
20050208 -0.008819 0.001314 0.011176
20050209 -0.005448 -0.009182 -0.019779
20050210 0.006208 0.015666 -0.007319
20050211 0.001452 0.007821 0
20050214 -0.01069 -0.006036 -0.006576
20050215 -0.001831 -0.007807 0.01324
20050216 0.002202 0.011366 -0.002376
20050217 -0.002197 -0.00778 -0.011709
20050218 -0.006789 -0.010673 0.00261
20050222 -0.006466 -0.015192 -0.006008
20050223 0.003905 0.011178 0.00544
20050224 0.006668 0.029847 0.02505
20050225 0.004232 0.017819 0.000391
20050228 -0.007878 0.002426 0.012507
20050301 0.009234 0.024408 0.014862
20050302 0.000915 -0.002054 0.004374
20050303 0.000183 0.005866 0.01477
20050304 0.004387 0.022713 0.015861
20050307 0 -0.010604 0.013042
20050308 -0.009645 0.001011 -0.010698
20050309 -0.014149 -0.022121 0
20050310 0.007083 0.014978 -0.004765
20050311 -0.009069 0.007531 -0.014733
20050314 0.00579 -0.02495 0.003738
20050315 -0.0065 0.002279 -0.006704
20050316 -0.015327 -0.004961 -0.023997
20050317 -0.004366 0.005713 0.001537
20050318 -0.000953 -0.004338 0.007288
20050321 -0.002099 -0.002282 -0.006664
20050322 -0.021228 -0.015284 -0.009776
20050323 -0.01485 -0.011298 -0.004259
20050324 -0.002777 -0.000641 0.00797
20050328 0.01611 0.006839 0.006365
20050329 -0.003523 -0.046911 0.007474
20050330 0.013357 0.018708 0.004565
20050331 -0.001943 -0.000437 -0.021776
20050401 -0.009149 -0.014108 -0.007762
20050404 0.007859 0.000666 0.002946
20050405 -0.001559 0.001663 0.006419
20050406 0.006052 0.011399 0.007538
20050407 0.004269 0.002079 -0.031268
20050408 -0.004058 -0.009718 -0.037228
20050411 -0.004269 -0.005734 -0.02283
20050412 0.016368 0.01353 0.009261
20050413 -0.001534 -0.030529 -0.017518
20050414 -0.018625 -0.036117 -0.005094
20050415 -0.007631 -0.022717 0.010028
20050418 0.00414 0.001438 -0.007182
20050419 -0.007461 0.016391 -0.016596
20050420 -0.010287 0.036374 -0.0119
20050421 0.007396 0.023058 0.016203
20050422 -0.011706 0.001673 -0.018315
20050425 0.023288 0.014698 0.041484
20050426 0.011379 -0.024909 -0.017703
20050427 0.010669 -0.009115 -0.004291
20050428 -0.007677 -0.015332 0.046326
20050429 0.019342 0.015571 0.019769
20050502 0.006641 0.003975 0.005856
20050503 -0.000942 -0.009276 0.004015
20050504 0.009811 0.021009 0.011998
20050505 -0.006353 0.004809 0.032207
20050506 -0.003385 0.00345 0.003446
20050509 -0.003962 0.001331 -0.003625
20050510 -0.005872 -0.006978 -0.006318
20050511 -0.001905 0.013943 0.020231
20050512 -0.004582 -0.022222 0.003777
20050513 -0.00748 0.00135 0.015992
20050516 0.01372 0.015506 -0.003889
20050517 0.003431 0.017482 0.004834
20050518 0.017097 0.016964 0.018501
20050519 -0.005603 -0.000214 0.000545
20050520 -0.003381 0.00139 -0.001634
20050523 -0.000189 0.004379 -0.001273
20050524 -0.002827 -0.002233 -0.002549
20050525 -0.005104 -0.014494 0.004016
20050526 0.00475 0.021196 0.003455
20050527 0.006997 -0.001271 0.007973
20050531 0.011268 -0.002121 -0.0151
20050601 0.004271 0.014451 0.016791
20050602 0.003143 -0.003038 0.009693
20050603 -0.00129 -0.012713 -0.014044
20050606 -0.000738 0.001916 0.00595
20050607 0.009789 0.004036 -0.005019
20050608 -0.002195 0.021686 -0.007206
20050609 0.002566 0.009008 0.003448
20050610 0.000366 -0.004413 -0.009584
20050613 0.00457 0.005772 0.009859
20050614 0.000728 0.010145 -0.001266
20050615 -0.000182 0.000101 0.001177
20050616 -0.001273 -0.002739 -0.005334
20050617 -0.001639 0.019225 -0.008362
20050620 -0.00383 0.005988 -0.0022
20050621 0.00238 0.013889 -0.010288
20050622 0.000548 -0.015949 0.001856
20050623 -0.02008 -0.020881 -0.014267
20050624 -0.001304 -0.01635 -0.014286
20050627 -0.004477 0.000619 -0.009153
20050628 0.011804 0.00908 0.02117
20050629 -0.006852 -0.011861 -0.016774
20050630 -0.005233 -0.013762 -0.009776
20050701 0.005824 0.006505 -0.011808
20050705 0.007658 0.002502 0.018217
20050706 -0.01279 -0.009046 -0.026933
20050707 0.003943 0.021511 -0.007711
20050708 0.008603 0.013867 0.03168
20050711 0.000742 0.012867 0.004828
20050712 -0.002594 -0.010103 -0.001345
20050713 0.001858 0.008892 -0.004811
20050714 0.002781 0.021635 0.014504
20050715 -0.005917 -0.006471 0.004575
20050718 -0.014137 0.00296 -0.006641
20050719 0.007547 0.050767 -0.014136
20050720 0.009551 0.000936 0.008138
20050721 0.007791 -0.016917 -0.00788
20050722 0.004417 0.002103 -0.005812
20050725 -0.000183 -0.010685 -0.016952
20050726 -0.005132 -0.000579 -0.001189
20050727 0.012343 0.018719 -0.000794
20050728 0.009463 0.031445 0.046276
20050729 -0.008473 -0.009917 -0.002468
20050801 -0.003091 0.00204 -0.006851
20050802 0.010396 0.008145 -0.001533
20050803 0.001444 -0.001285 -0.00403
20050804 0.006669 -0.006803 -0.017726
20050805 -0.000716 -0.00759 -0.008631
20050808 -0.001971 0.001306 0.008904
20050809 -0.001975 0.012295 0.015297
20050810 0.01637 0.012146 -0.007727
20050811 0.00531 0.009091 0.019661
20050812 -0.002289 -0.012613 -0.006682
20050815 -0.00247 0.008394 0.004036
20050816 -0.008314 -0.028411 -0.022014
20050817 -0.000535 -0.004284 0.004698
20050818 0.001606 -0.005799 -0.003507
20050819 -0.000356 0.03142 -0.000978
20050822 0.003209 -0.000182 -0.009002
20050823 -0.004975 -0.002189 -0.007899
20050824 -0.01 -0.027062 -0.016322
20050825 0.005231 0.003571 0.000202
20050826 -0.012919 0.001685 -0.000202
20050829 0.015997 0.003926 -0.004249
20050830 -0.012346 0.00149 -0.013005
20050831 0.000725 0.031796 0.009471
20050901 0.001086 0.026131 -0.006935
20050902 0.001085 0.023007 -0.00801
20050906 0.028902 0.004463 0.004969
20050907 0.007198 0.009571 -0.005562
20050908 -0.000174 -0.012527 -0.001243
20050909 0.01447 0.009086 0.003734
20050912 0.006874 0.007305 0.001447
20050913 -0.014508 0.001855 -0.010318
20050914 -0.013336 -0.018519 -0.016681
20050915 0.010356 -0.009605 0.002757
20050916 0.033009 -0.000346 -0.006555
20050919 -0.007232 -0.012994 -0.009791
20050920 -0.008978 -0.002808 -0.007739
20050921 -0.025641 0.005281 0.011048
20050922 0 0.015584 0.03514
20050923 -0.001754 0.015862 0.004761
20050926 0.001757 -0.009844 0.00206
20050927 -0.005263 0.006514 -0.00185
20050928 -0.001411 -0.019925 -0.01174
20050929 0.015719 0.007646 0.023968
20050930 -0.001217 0.013106 0.019743
20051003 0.004352 0.004426 0.005988
20051004 -0.016158 -0.020844 0.002778
20051005 0.005207 -0.026999 -0.014444
20051006 0 -0.018321 0.037342
20051007 -0.004993 0.02591 -0.012193
20051010 -0.015456 -0.018545 0.005486
20051011 0.00265 -0.00018 -0.003507
20051012 -0.019723 -0.014399 -0.008213
20051013 0.00083 -0.013879 0.042981
20051014 -0.006218 0.013704 -0.000378
20051017 0.003545 0.005298 0.003971
20051018 -0.00478 -0.019444 -0.00923
20051019 0.022552 0.027242 0.040684
20051020 -0.032877 -0.020747 -0.010048
20051021 -0.004434 -0.094577 0.015132
20051024 0.050689 0.028414 0.013997
20051025 0.003633 -0.000398 0
20051026 0.008447 0.00517 -0.007888
20051027 -0.024731 -0.012859 -0.028912
20051028 0.013088 0.023447 0.034983
20051031 0.004643 0.029763 0.0169
20051101 -0.012457 0.002472 -0.004597
20051102 0.016684 0.018399 0.024156
20051103 -0.004803 -0.003911 0.020812
20051104 -0.006636 0.001309 0.0316
20051107 0.008097 0.013072 0.001647
20051108 -0.013454 0 -0.029924
20051109 0.004071 -0.002765 0
20051110 0.010744 0.010906 0.015932
20051111 0.011833 0.003291 0.006006
20051114 0.009118 0.010206 0.005307
20051115 0.000393 0.008479 -0.00099
20051116 -0.01669 0.014848 0.004623
20051117 -0.011582 0.013044 0.026298
20051118 0.008283 -0.003306 -0.007687
20051121 0.019836 0.007507 0.029697
20051122 0.016699 0.018194 -0.010972
20051123 0.01256 -0.012764 0.006339
20051125 0.004198 -0.001034 -0.001575
20051128 0.004181 -0.008628 -0.017981
20051129 -0.013437 -0.006092 -0.009316
20051130 -0.01362 0.011909 -0.012646
20051201 0.011085 0.021115 0.02266
20051202 -0.007309 -0.00322 0.025369
20051205 -0.004263 -0.008162 0.00094
20051206 0.002141 0.008058 -0.005006
20051207 -0.007573 -0.017347 -0.014465
20051208 -0.009 -0.007615 -0.015635
20051209 0.009872 0.01308 0.008428
20051212 -0.002346 -0.001033 -0.007072
20051213 -0.005095 0.016199 0.019748
20051214 0.013591 -0.003731 0.005079
20051215 -0.000583 -0.000681 -0.001263
20051216 0.009722 0.015841 -0.013599
20051219 -0.012709 -0.047116 -0.017313
20051220 0.009362 -0.001584 -0.015987
20051221 0.012367 0.005992 0.012268
20051222 -0.001718 0.024001 0.008189
20051223 0.000191 0.001026 -0.007148
20051227 -0.019881 -0.010596 -0.000327
20051228 0.003121 -0.000864 0.000327
20051229 -0.006222 0.005187 -0.001636
20051230 0.006848 -0.006364 -0.016388
20060103 0.021765 0.000519 0.028657
20060104 -0.0097 0.025433 0.025915
20060105 0.010587 0 -0.001895
20060106 0.003429 0.019909 0.000316
20060109 0.024867 0.018197 -0.01012
20060110 -0.002964 -0.004062 -0.008946
20060111 -0.005387 0.000489 0.003224
20060112 0.000187 0.014349 -0.005141
20060113 -0.002054 0.001929 0.010659
20060117 -0.008982 0.010107 -0.004794
20060118 -0.003588 -0.013342 -0.000321
20060119 -0.003411 0.010344 0.007067
20060120 -0.022628 -0.027676 -0.033206
20060123 0.000778 0.004278 -0.002277
20060124 0.026827 0.005079 0.015542
20060125 0.001515 0.011736 -0.011397
20060126 0.007939 0.049944 0.03722
20060127 -0.000375 0.036213 0.014608
20060130 -0.011632 -0.0077 -0.002504
20060131 -0.004366 0.013282 -0.005334
20060201 0.003241 0.019735 -0.010726
20060202 -0.00114 -0.012276 0.096939
20060203 -0.004376 -0.003802 -0.015116
20060206 -0.002102 0.008366 0.018005
20060207 -0.002872 -0.022416 -0.004929
20060208 0.012675 0.024568 0.011655
20060209 0.005879 -0.005232 0.013537
20060210 -0.000754 0.004383 0.008809
20060213 0.000377 -0.001891 -0.026197
20060214 0.009242 0.023317 0.002893
20060215 0.012708 0.019652 0.01471
20060216 0.005352 0.005028 0.019045
20060217 -0.000551 0.001251 -0.012831
20060221 -0.010836 0.007495 -0.003673
20060222 0.018195 0.006475 0.021554
20060223 -0.004923 -0.009718 0.004109
20060224 0.005498 0.004838 -0.006857
20060227 -0.002369 0.011004 0.021715
20060228 -0.015711 -0.005714 -0.010354
20060301 0.004454 0.017926 -0.001101
20060302 -0.006282 -0.000672 -0.022878
20060303 -0.000558 0.003632 0.003667
20060306 0 -0.01863 0.009275
20060307 -0.002977 -0.002458 -0.010025
20060308 0.004665 -0.008762 -0.005626
20060309 -0.011887 -0.013812 -0.012164
20060310 0.019361 -0.006303 0.013459
20060313 -0.007192 0.000705 -0.010172
20060314 0.002229 0.013239 0.034827
20060315 0.001112 0.032666 0.007172
20060316 0.001851 0.008211 -0.009039
20060317 0.009793 0.017757 0.011885
20060320 -0.009698 -0.004985 0.007648
20060321 -0.009793 -0.020303 -0.016536
20060322 -0.000746 0.025569 0.007718
20060323 -0.008403 0.000656 -0.011761
20060324 0.001507 -0.009966 0.013562
20060327 0.003385 -0.001589 -0.000819
20060328 -0.014805 -0.006766 0.000273
20060329 -0.001332 -0.016028 0.02541
20060330 -0.007048 -0.017239 0
20060331 0.008057 -0.008149 0.002665
20060403 -0.002284 0.023534 0.009567
20060404 0.015258 0.02449 0.00895
20060405 -0.003945 0.00664 -0.021915
20060406 -0.011909 -0.001979 -0.001067
20060407 -0.010905 -0.00965 0.010948
20060410 0.002901 0.007074 0.002905
20060411 -0.011572 0.016037 -0.010535
20060412 -0.001171 0.015393 0.011711
20060413 0.000391 -0.011562 0.007367
20060417 -0.004101 -0.006369 -0.01123
20060418 0.02549 0.032178 0.018753
20060419 -0.008222 0.00076 0.008037
20060420 0.010989 -0.009497 -0.000514
20060421 -0.003623 -0.001283 -0.004117
20060424 -0.008995 -0.006293 -0.002326
20060425 -0.009077 -0.031662 -0.011655
20060426 0.011499 0.013613 -0.015723
20060427 0.034682 -0.011718 -0.015975
20060428 0.002048 0.009059 0.008387
20060501 -0.018584 -0.001452 -0.000537
20060502 -0.005302 0.024461 0.015302
20060503 -0.002855 0.008002 -0.012427
20060504 0.007064 0.009091 0.038554
20060505 0.018957 0.014846 0.021655
20060508 -0.002791 -0.001 -0.009336
20060509 -0.00056 0.015519 -0.020632
20060510 0.000933 -0.002095 -0.006502
20060511 -0.016971 -0.016673 -0.043455
20060512 0.003415 -0.022733 -0.024357
20060515 0.004538 -0.00437 0.018233
20060516 -0.002823 -0.001678 0.020937
20060517 -0.018498 -0.01849 -0.017539
20060518 -0.001731 -0.016994 -0.01181
20060519 0.006165 -0.024658 0.009728
20060522 -0.006318 0.001237 -0.002753
20060523 0.006166 0.011665 -0.017665
20060524 0.022788 -0.001763 -0.010677
20060525 0.012732 0.005028 0.006532
20060526 0.005916 0.00622 -0.000282
20060530 -0.011211 -0.030368 -0.014112
20060531 0.010409 0.010948 0.020613
20060601 0.007726 0.004661 0.015708
20060602 -0.001095 -0.006549 -0.006076
20060605 -0.020468 -0.047796 -0.016949
20060606 -0.006343 -0.01226 -0.003109
20060607 0.004131 -0.025409 0.012475
20060608 -0.001683 0.002248 0.014842
20060609 0.001311 0.009418 -0.009658
20060612 -0.011784 -0.017772 -0.013096
20060613 -0.011546 0.000151 -0.007623
20060614 0.009958 0.017338 0.020484
20060615 0.015738 0.049941 0.025648
20060616 -0.012134 -0.004234 -0.004893
20060619 -0.013227 -0.008505 -0.017755
20060620 0.009766 0.014868 -0.003615
20060621 0.007586 0.020848 0.016467
20060622 -0.007152 -0.002622 -0.009061
20060623 -0.003033 -0.001937 0.01136
20060626 0.007606 0.004713 -0.000274
20060627 -0.012833 -0.011451 -0.020554
20060628 -0.002485 0.014794 -0.00028
20060629 0.032771 0.023243 0.062692
20060630 -0.012433 0.001075 -0.005531
20060703 0.008268 0.003894 0.006886
20060705 -0.018822 -0.021934 -0.012099
20060706 0.000762 0.007111 0.00852
20060707 -0.010659 -0.014528 -0.048574
20060710 0.002309 0.009507 -0.011376
20060711 0.007486 0.001774 0.009823
20060712 -0.005525 -0.028474 -0.043079
20060713 -0.018199 -0.022577 -0.011908
20060714 0.00039 -0.007317 -0.010582
20060717 -0.00039 0 0.017231
20060718 -0.005854 0.008383 -0.024533
20060719 0.022571 0.023751 0.013174
20060720 -0.00595 -0.028684 -0.012707
20060721 -0.022591 -0.010568 0.011374
20060724 0.00079 0.031748 0.027227
20060725 0.003553 0.001985 0.019879
20060726 0.017899 -0.007501 -0.038983
20060727 -0.008889 0.008413 -0.012934
20060728 0.017547 0.006929 0.013401
20060731 -0.002491 -0.004775 0.005877
20060801 0.00096 -0.016368 -0.037102
20060802 -0.006525 0.014919 0.010316
20060803 0.006954 0.027986 -0.07988
20060804 0.001535 0.005087 -0.000979
20060807 -0.002107 0.001094 0.006207
20060808 0.003263 -0.021591 -0.014935
20060809 -0.004018 -0.043017 -0.026038
20060810 -0.001537 -0.002919 0.013875
20060811 -0.003463 -0.018882 -0.002003
20060814 0 -0.015963 0.002007
20060815 0.019498 0.021983 0.007677
20060816 0.004166 0.025219 0.014906
20060817 0.009051 0.003617 0.021214
20060818 -0.004672 -0.015138 -0.005433
20060821 0.000751 -0.000878 -0.014139
20060822 -0.00394 0.003663 -0.016623
20060823 -0.001695 -0.018832 -0.01591
20060824 0.002453 -0.025443 -0.002021
20060825 -0.003953 0.007481 0.0108
20060828 0.000378 0.001212 0.017362
20060829 -0.007367 -0.009384 -0.00361
20060830 -0.001522 -0.005959 0.012516
20060831 0.001334 0.019828 0.008783
20060901 0.00019 0.013866 0.024186
20060905 0.001903 0.035826 0.007242
20060906 -0.006268 -0.007893 -0.015317
20060907 -0.000382 -0.019818 -0.012063
20060908 0.006119 -0.006494 0.002249
20060911 -0.002661 -0.026886 0.01026
20060912 0.002477 -0.005495 0.029514
20060913 0.015206 0.018112 0.018496
20060914 0.001311 -0.012362 -0.000303
20060915 0.005049 -0.001221 0.024826
20060918 -0.004837 0.023842 -0.006204
20060919 -0.001496 -0.006419 0.001189
20060920 0.015915 -0.010216 0.029691
20060921 -0.000369 -0.02034 -0.01932
20060922 -0.002397 -0.027425 0
20060925 0.015339 0.024853 0.012937
20060926 0.018566 0.024405 -0.005225
20060927 0.001251 -0.003338 0.005836
20060928 -0.000714 0.013855 -0.007253
20060929 0.001607 -0.011864 -0.004968
20061002 -0.016049 -0.006687 -0.012628
20061003 0.014679 -0.003825 0.0116
20061004 0.012859 0.006604 0.057336
20061005 0.001591 0.041196 0.075918
20061006 -0.001059 -0.002784 -0.007237
20061009 -0.001237 0.012491 -0.00026
20061010 0.02017 0.002322 -0.009375
20061011 -0.003642 -0.010715 -0.016299
20061012 0.007659 0.013612 0.014431
20061013 0.002246 -0.002455 -0.00079
20061016 -0.006549 0.012305 0.012391
20061017 0.007981 -0.000429 -0.014063
20061018 -0.002926 -0.011731 -0.001849
20061019 0.000691 0.003474 -0.000265
20061020 0.001208 -0.145175 -0.008999
20061023 -0.023949 0.024068 0.02297
20061024 0.000883 0.008441 -0.00235
20061025 0.002822 0.016084 0.006543
20061026 0.016884 0.007107 0.01066
20061027 -0.009512 -0.017322 -0.021868
20061030 0.000698 -0.008324 0.003156
20061031 0.008724 -0.000823 -0.010225
20061101 -0.002768 -0.003459 -0.003974
20061102 -0.003296 0.000992 -0.007447
20061103 -0.006961 -0.002147 -0.022776
20061106 0.019278 -0.009598 0.027694
20061107 0.004986 0.00117 -0.010939
20061108 0.010607 0.003004 0.007014
20061109 -0.002709 -0.014975 -0.010983
20061110 -0.000849 0.006757 0.023565
20061113 0.001869 -0.001342 0.0172
20061114 0.006274 0.014113 0.001041
20061115 0.002359 0.018058 0.012734
20061116 0.001513 -0.001302 0.011804
20061117 0.004532 -0.007007 -0.050976
20061120 -0.004345 -0.000492 -0.017905
20061121 -0.002853 0.021015 -0.004898
20061122 0.008079 0.009648 -0.005195
20061124 0.000167 0.001274 -0.001924
20061127 -0.01803 -0.014315 -0.01377
20061128 0.00136 -0.005971 -0.013683
20061129 -0.002207 0.007468 0.010759
20061130 -0.000851 -0.000483 -0.011345
20061201 -0.002895 -0.013542 -0.002692
20061204 0.022886 0.004903 0.015625
20061205 -0.000668 0.010733 0.03049
20061206 -0.003008 0.014481 0.000543
20061207 -0.008379 -0.000793 -0.010309
20061208 0.011154 0.006349 -0.001645
20061211 -0.008691 -0.005205 0.005766
20061212 -0.003204 -0.012526 -0.009282
20061213 0.014378 -0.012685 -0.005787
20061214 0.032183 0.010246 0.014412
20061215 -0.0042 -0.004829 -0.004918
20061218 0.002109 0.001618 -0.004119
20061219 -0.003562 -0.00646 0.007168
20061220 -0.003574 -0.002438 -0.003011
20061221 -0.007663 -0.009125 -0.000275
20061222 -0.000164 -0.003618 -0.01593
20061226 0.005095 0.005116 -0.003907
20061227 0.006704 0.00936 0.002802
20061228 -0.006984 -0.002603 -0.001956
20061229 -0.007687 0.000326 -0.008399
20070103 -0.002637 -0.002772 -0.004799
20070104 -0.00729 -0.002616 0.001135
20070105 -0.013184 -0.012787 -0.004251
20070108 0.009471 0.001162 -0.0037
20070109 -0.006366 0.005474 -0.004284
20070110 -0.000674 -0.004949 -0.003155
20070111 0.003037 -0.005305 0.030504
20070112 -0.007401 -0.004333 0.002513
20070116 0.002034 -0.00837 0.008914
20070117 0.001522 0.01131 0.001933
20070118 -0.003715 0.004841 -0.014329
20070119 -0.015424 -0.008848 -0.00643
20070122 -0.000516 -0.020212 -0.007034
20070123 -0.008956 0.023896 -0.009634
20070124 0.024157 0.002854 -0.004578
20070125 -0.019684 -0.001674 -0.02357
20070126 0.001385 0.024484 -0.002649
20070129 -0.00363 0.009985 0.020071
20070130 0.006419 0.019125 0
20070131 0.00362 0.018925 0.010995
20070201 -0.002576 0.014359 -0.015169
20070202 0.00155 0.004001 -0.004069
20070205 0.000688 -0.011648 -0.007295
20070206 -0.002405 -0.001085 -0.010288
20070207 0.010679 0.018938 0
20070208 -0.003238 -0.000152 -0.007425
20070209 -0.016413 -0.012647 -0.013764
20070212 -0.009213 -0.003086 -0.008799
20070213 0.010526 0.002012 -0.000306
20070214 0.018924 0.022092 0.020821
20070215 0.002726 0.022068 -0.003599
20070216 0.002889 0.000739 -0.006322
20070220 -0.005252 0.003842 -0.005756
20070221 -0.003066 0.004122 -0.012797
20070222 -0.006492 -0.006304 0.018827
20070223 -0.002236 -0.007672 -0.007876
20070226 -0.015167 0 -0.022592
20070227 -0.027126 -0.036128 -0.039366
20070228 0.023026 -0.00617 0.004878
20070301 -0.005627 -0.008226 -0.016505
20070302 -0.019629 -0.013459 -0.016782
20070305 -0.00974 0.002062 -0.01573
20070306 0.026776 0.007124 0.020061
20070307 -0.009047 0.009588 0.015667
20070308 0.017186 0.00109 0.007548
20070309 0.001408 0.001555 -0.012704
20070312 -0.003339 0.00264 -0.007918
20070313 -0.034562 -0.019049 -0.023612
20070314 0.017534 0.004736 -0.001362
20070315 0.00718 -0.002828 0.009209
20070316 -0.00998 -0.004727 0.033457
20070319 0.008821 0.015991 0.015043
20070320 0.003926 0.010753 0.010954
20070321 0.021863 0.020814 0.028362
20070322 -0.00087 0.004984 -0.019523
20070323 -0.000174 0.00511 -0.006953
20070326 -0.004005 -0.000598 0.016868
20070327 -0.013462 0.000598 -0.007199
20070328 -0.010101 -0.009569 -0.013871
20070329 0.010741 -0.000755 0.001598
20070330 -0.001063 0.012691 0.000958
20070402 -0.009574 -0.004177 -0.003508
20070403 0.003759 0.007341 0.00768
20070404 0.006974 0.003569 -0.004763
20070405 -0.006216 0.002223 0.001914
20070409 0.007148 -0.004288 -0.00828
20070410 0.000887 -0.005791 0.000642
20070411 -0.006382 -0.008962 -0.0138
20070412 0.008207 0.004371 -0.001952
20070413 0.015042 0.002251 0.002934
20070416 0.020921 0.001647 0.009428
20070417 -0.005464 0.01136 -0.000322
20070418 0.003434 0.025273 -0.001933
20070419 0.008727 -0.006487 -0.006456
20070420 0.034775 0.046634 0.02859
20070423 0.002459 0.000418 -0.002843
20070424 -0.003925 0.013361 -0.007285
20070425 0.023149 0.005769 0.015954
20070426 -0.002888 -0.003141 -0.000628
20070427 0 0.010411 -0.010057
20070430 -0.023656 -0.015456 -0.015238
20070501 0.010714 0.008538 -0.000322
20070502 0.023157 0.002185 0.007739
20070503 0.011476 -0.000545 0.01184
20070504 -0.001103 -0.003544 -0.029096
20070507 -0.001893 -0.005882 -0.011401
20070508 0 0.010458 -0.005601
20070509 0.000158 0.017976 -0.004639
20070510 -0.008375 -0.012575 -0.016644
20070511 0.003506 0.014497 0.00237
20070514 -0.008734 0.018964 -0.023978
20070515 0.009612 -0.003801 -0.017647
20070516 0.015233 -0.000789 -0.006692
20070517 -0.006565 -0.014615 0.009574
20070518 0.006293 -0.000935 0.01686
20070521 0.004847 0.00107 0.011399
20070522 0 0.008818 -0.009221
20070523 -0.004357 0.006886 -0.004137
20070524 0.000469 -0.007892 -0.020076
20070525 -0.006092 0.003712 0.010597
20070529 0.011158 0.000528 -0.001398
20070530 0.010258 0.03604 0.00455
20070531 -0.000308 0.001274 0.003833
20070601 0.001385 -0.005599 0.011107
20070604 -0.000768 0.00192 -0.010299
20070605 -0.003537 0.004598 -0.008325
20070606 -0.016206 0.000381 -0.01539
20070607 -0.015689 -0.017412 -0.025222
20070608 0.004782 0.015651 0.008382
20070611 0.000317 0.002929 -0.004698
20070612 -0.014906 -0.008508 0.007262
20070613 0.016581 0.023694 0.001081
20070614 -0.000158 0.010009 -0.005762
20070615 0.009978 0.004707 0.005795
20070618 -0.009879 0.009123 -0.003961
20070619 0.000158 0.007819 -0.002531
20070620 -0.017419 -0.013456 -0.009786
20070621 0.009831 0.001106 -0.038799
20070622 -0.013884 -0.006996 -0.027418
20070625 0.000162 -0.002472 0.004698
20070626 -0.007605 -0.00508 0.004287
20070627 0.003261 -0.009715 0.01397
20070628 -0.005038 -0.005282 0.012247
20070629 -0.000653 -0.009989 -0.00794
20070702 0.009971 0.027458 -0.007241
20070703 0.012623 -0.030578 0.0119
20070705 -0.016661 -0.006411 -0.000759
20070706 0.002118 0.017034 0.007973
20070709 0.015119 0.012943 -0.00791
20070710 -0.034273 0.017412 -0.008732
20070711 -0.000332 0.011697 -0.004596
20070712 0.050597 0.023366 -0.001154
20070713 -0.007895 0.012368 0.004237
20070716 -0.01512 0.009045 0.000384
20070717 0.046218 0.006636 -0.00819
20070718 0.004788 0.001388 0.024495
20070719 0.007686 0.008698 0.04566
20070720 -0.015866 -0.043458 -0.000361
20070723 0.002325 -0.014423 0.016967
20070724 -0.053975 -0.004146 0.004132
20070725 0.009155 -0.014205 -0.011539
20070726 -0.023813 -0.027453 -0.018956
20070727 -0.028377 -0.028995 -0.018359
20070730 0.027156 0.013418 0.001991
20070731 -0.026605 0.022845 -0.011119
20070801 0.01862 0.016878 0.01949
20070802 0.021466 0.006739 -0.010294
20070803 -0.056148 -0.021197 -0.02266
20070806 0.04766 0.025836 0.022045
20070807 0.003321 -0.006914 0.00855
20070808 0.041867 0.005719 0.022128
20070809 -0.03669 -0.029913 0.011905
20070810 0.002143 -0.01185 -0.000356
20070813 -0.021882 0.004513 -0.008203
20070814 -0.036165 -0.014506 -0.023732
20070815 -0.009773 -0.023707 -0.021363
20070816 0.025203 -0.026017 0.001505
20070817 0.012378 -0.004932 0.003382
20070820 -0.003566 0.019411 0.007865
20070821 0.007839 0.003106 0.016351
20070822 0.01674 0.013732 0.006947
20070823 -0.001663 -0.001726 -0.000726
20070824 0.014326 0.015299 0.002544
20070827 -0.015273 -0.004193 -0.007974
20070828 -0.043529 -0.02421 -0.017903
20070829 0.013775 0.011866 0.022321
20070830 -0.007224 -0.005064 -0.004731
20070831 0.015592 0.014867 0.007313
20070904 0.036677 0.014254 0.006171
20070905 -0.02386 -0.017046 -0.010101
20070906 0.001349 0.00278 0.005102
20070907 -0.027778 -0.030495 -0.015228
20070910 0.016623 0.004085 -0.004418
20070911 0.011242 0.002034 0.010725
20070912 0.001853 -0.015158 0
20070913 0.01883 0.003023 0.005488
20070914 -0.027393 0.002329 0.005822
20070917 -0.012555 0.007244 -0.012301
20070918 0.044674 0.05116 0.019414
20070919 0.002467 0.00581 -0.001797
20070920 -0.013618 -0.006931 -0.010439
20070921 -0.013972 0.010211 -0.000728
20070924 -0.015013 -0.00563 -0.011649
20070925 0.007536 -0.01737 -0.00221
20070926 0.00306 0.003797 0.022148
20070927 0.00949 0.010566 -0.026002
20070928 -0.003357 0.012392 -0.02855
20071001 0.021223 0.014408 0.004584
20071002 -0.000165 0.001006 0.010634
20071003 -0.010063 -0.013561 -0.002256
20071004 -0.001671 0.001018 -0.000754
20071005 0.022423 0.02149 0.012066
20071008 -0.00671 0.012573 -0.006706
20071009 0.030153 0.014384 0.004239
20071010 -0.010077 -0.016362 -0.008329
20071011 0.009048 -0.021193 -0.008663
20071012 0.01249 0.010826 0.00076
20071015 -0.022616 -0.018182 -0.008732
20071016 -0.025405 -0.013825 -0.001532
20071017 -0.00249 -0.007974 0.012658
20071018 -0.023635 0.011539 0.009848
20071019 -0.026423 -0.052666 -0.021005
20071022 -0.004202 -0.000951 0.003448
20071023 0.031475 0.012517 -0.001909
20071024 0.004773 0.018409 -0.002678
20071025 0.013912 -0.014778 0.003836
20071026 0.015228 0.004955 0
20071029 -0.002637 -0.015192 0.002293
20071030 -0.00347 -0.005954 -0.00305
20071031 0.010779 0.015655 0.020268
20071101 -0.042002 -0.017424 -0.031859
20071102 0.000514 0.019779 -0.011614
20071105 -0.004279 -0.016854 -0.022327
20071106 0.006876 0.01932 -0.000401
20071107 -0.054635 -0.017619 -0.033667
20071108 0.013184 -0.015897 -0.029448
20071109 0.006952 -0.027889 -0.03547
20071112 -0.007081 -0.011504 0.025255
20071113 0.054733 0.021121 0.036733
20071114 -0.001014 -0.014633 0.010838
20071115 -0.014552 -0.004284 -0.006186
20071116 0.007383 -0.004159 -0.038589
20071119 -0.022158 -0.017857 -0.012948
20071120 -0.006449 0.001173 0.010057
20071121 -0.046667 -0.004979 -0.012554
20071123 0.023739 0.010156 0.011399
20071126 -0.03757 -0.011657 -0.038578
20071127 0.038849 0.014595 0.019387
20071128 0.032183 0.034438 0.01548
20071129 -0.009058 0.007445 0.003484
20071130 0.036738 0.00251 0.015191
20071203 -0.006443 0.002225 -0.024797
20071204 -0.025427 -0.000694 -0.020605
20071205 0.014358 0.009721 0.013876
20071206 0.02762 0.022555 0.00883
20071207 -0.043172 -0.002018 -0.010066
20071210 0.010885 0.032076 0.004863
20071211 -0.052449 -0.037347 -0.036727
20071212 -0.008798 0.001356 -0.000694
20071213 -0.004438 0.005419 -0.017367
20071214 -0.028789 -0.011183 -0.011628
20071217 -0.002104 -0.030386 -0.051765
20071218 -0.007666 -0.001546 0.022333
20071219 0.002511 -0.002956 -0.02767
20071220 -0.016952 0.009458 0.024963
20071221 0.018029 0.017061 0.025816
20071224 0.024832 -0.000413 0.007597
20071226 -0.006386 0.013618 -0.01885
20071227 -0.034027 -0.013028 -0.017291
20071228 -0.005088 0.005912 -0.016129
20071231 0.02321 -0.008201 0.01689
20080102 -0.015379 -0.026599 -0.056668
20080103 -0.012343 -0.00354 -0.03159
20080104 -0.025193 -0.026286 -0.031551
20080107 0.004477 0.002918 0.014909
20080108 -0.028566 -0.022989 0.080522
20080109 0.023566 0.001191 -0.020141
20080110 -0.00326 0.002677 0.043679
20080111 -0.100572 -0.020768 -0.025603
20080114 0.011364 0.019088 -0.012127
20080115 -0.038876 -0.027798 -0.036317
20080116 0.03437 -0.017278 0.024416
20080117 -0.035488 -0.022405 -0.012953
20080118 0.02203 0.005443 -0.020472
20080122 -0.006191 0.01608 0.000536
20080123 0.066221 0.019743 0.076058
20080124 0.019476 0.002612 0.017919
20080125 -0.035449 0.010421 -0.038631
20080128 0.043134 0.034582 0
20080129 0.008439 0.011435 0.015768
20080130 -0.009623 -0.007972 -0.037556
20080131 0.037812 0.037259 -0.016129
20080201 0.009566 0.010847 0.016393
20080204 -0.039113 -0.011288 -0.001561
20080205 -0.041125 -0.048344 -0.035435
20080206 0.00372 0.006813 -0.019449
20080207 0.012644 0.005001 0.020937
20080208 -0.031647 -0.004537 -0.014571
20080211 -0.007781 0.020732 0.014239
20080212 0.010083 0.008355 0.010259
20080213 0.039263 0.023571 0.007483
20080214 -0.02476 -0.016888 -0.035544
20080215 -0.012694 -0.006956 0.006051
20080219 -0.012414 0.006433 -0.010388
20080220 0.016835 0.012074 0.00884
20080221 -0.013687 -0.006456 -0.023549
20080222 0.008505 0.005509 0.023556
20080225 0.003329 0.015032 0.013699
20080226 0.013271 0.014533 0.03027
20080227 0.005676 0.012551 -0.001049
20080228 -0.035815 0.00229 -0.024685
20080229 -0.047726 -0.027692 -0.031879
20080303 -0.005201 0.012028 -0.00712
20080304 0.013546 -0.019945 0.002801
20080305 -0.009848 0.001533 0.013402
20080306 -0.022259 -0.01531 -0.029763
20080307 0.005812 -0.012862 -0.028409
20080310 -0.035878 -0.016037 -0.017544
20080311 0.094655 0.056607 0.055952
20080312 -0.024869 0.036359 -0.007328
20080313 -0.000936 0.005581 0.001136
20080314 -0.039579 -0.011629 -0.013613
20080317 0.017069 -0.004412 -0.007476
20080318 0.04795 0.032366 0.056779
20080319 -0.039121 -0.040848 -0.04057
20080320 0.094762 0.001221 0.001714
20080324 0.0311 0.029938 0.020536
20080325 0.002109 0.008023 0.00559
20080326 -0.045254 0.009395 -0.018344
20080327 -0.011684 -0.004266 -0.002265
20080328 -0.037475 0.000779 -0.03235
20080331 0.01321 0.015566 0.026393
20080401 0.077081 0.021586 0.057143
20080402 -0.009344 -0.01838 0.005405
20080403 0.000643 -0.018342 -0.013979
20080404 -0.012211 0.009861 0.008724
20080407 0.009542 -0.007452 -0.01027
20080408 -0.001719 0.004401 -0.018023
20080409 -0.026038 -0.01843 -0.028365
20080410 -0.000444 -0.005909 0.004579
20080411 -0.037062 -0.012019 -0.016524
20080414 -0.015441 0.009893 -0.016802
20080415 0.010066 0.005428 0.020625
20080416 0.013905 0.040421 0.020785
20080417 0.021714 -0.000886 -0.001131
20080418 0.018568 0.085125 0.035108
20080421 0.003734 -0.022866 -0.012582
20080422 -0.037856 -0.015841 -0.01939
20080423 0.009325 -0.003902 0.008475
20080424 0.018026 0.001591 -0.104202
20080425 0.057326 0.005255 -0.00813
20080428 0.002512 0.009483 -0.01261
20080429 0.002506 -0.018307 0.034483
20080430 0.000208 0.004539 0.001852
20080501 0.06893 0.00574 0.025878
20080502 -0.018118 0.005465 -0.011411
20080505 0.000397 -0.000604 -0.00729
20080506 0.01071 0.005801 0.001224
20080507 -0.044348 -0.019224 -0.025061
20080508 0.00308 0.009678 -0.00627
20080509 0.002252 -0.008008 0.000631
20080512 0.020221 0.025196 0.011349
20080513 -0.018819 0.002983 -0.005611
20080514 0.009998 -0.015701 -0.001881
20080515 0.007273 0.009063 0.009422
20080516 -0.023666 0.002395 0.060834
20080519 -0.002465 0.00693 0.001314
20080520 -0.025741 -0.005221 -0.013474
20080521 -0.038681 -0.005248 -0.009501
20080522 0.019349 -0.014149 0.02458
20080523 -0.019629 -0.008149 -0.008192
20080527 0.009901 0.004905 0.033038
20080528 0.005447 0.015131 0.018275
20080529 0.013001 -0.004929 0.028043
20080530 -0.008556 -0.001691 -0.007638
20080602 -0.023732 -0.003751 -0.014294
20080603 -0.020773 0.001093 -0.010039
20080604 0.030016 0.000485 0.020845
20080605 0.03922 0.003274 0.022075
20080606 -0.058613 -0.03312 -0.045896
20080609 -0.012094 0.010251 -0.008489
20080610 0.005441 -0.008786 0.018265
20080611 -0.039684 -0.014607 -0.015135
20080612 0.019488 0.019891 0.014229
20080613 0.028558 0.012422 0.019641
20080616 0.000448 -0.007239 0.009906
20080617 -0.042972 -0.002719 -0.012534
20080618 -0.007951 -0.012269 -0.019316
20080619 0.004951 -0.00276 0.01238
20080620 -0.034014 -0.005033 -0.042246
20080623 -0.007285 0.011634 -0.053976
20080624 0.029843 -0.042 0.016564
20080625 -0.027553 -0.000783 0.032589
20080626 -0.050073 -0.030034 -0.04851
20080627 -0.021856 -0.007135 0.0043
20080630 -0.009727 0.000949 -0.037309
20080701 0.062384 0.003658 -0.007624
20080702 -0.009995 -0.049534 0.003841
20080703 0.015649 -0.001562 -0.007653
20080707 -0.016153 0.007111 -0.039203
20080708 0.049507 -0.018359 0.026087
20080709 -0.056799 -0.015537 -0.040417
20080710 0.000769 -0.000146 -0.023777
20080711 0.004354 0.020316 -0.021573
20080714 -0.043356 -0.002005 -0.004267
20080715 -0.013063 -0.037749 -0.03
20080716 0.071583 0.052058 0.055965
20080717 0.053441 0.024387 0.003487
20080718 0.009572 -0.013086 -0.003475
20080721 -0.030576 0.033009 -0.017434
20080722 -0.071149 0.023897 0.073811
20080723 0.035536 -0.034143 0.019167
20080724 -0.074479 -0.036454 -0.057069
20080725 0.005768 0.010032 -0.008253
20080728 -0.034134 -0.018303 -0.013176
20080729 0.060786 0.026015 0.053408
20080730 0.000533 0.015213 -0.021348
20080731 -0.011188 -0.035382 0.001363
20080801 0.001886 -0.01985 -0.01838
20080804 -0.009142 -0.01042 -0.024965
20080805 0.050746 0.011123 0.032717
20080806 -0.018853 0.034174 0.028926
20080807 -0.041853 -0.022408 -0.028112
20080808 0.038736 0.02858 0.041322
20080811 0.035969 -0.00141 0.078042
20080812 -0.028593 0.014265 0.003681
20080813 -0.030486 -0.027573 -0.003668
20080814 0.035511 0.006587 0.038037
20080815 0.022775 0.000854 -0.013593
20080818 -0.027643 -0.016063 -0.010785
20080819 -0.033167 -0.007657 -0.033919
20080820 0.019058 0.001601 -0.011285
20080821 -0.011221 -0.001454 -0.005707
20080822 0.048095 0.022853 0.022959
20080825 -0.025264 -0.024335 -0.032419
20080826 0.006347 0.00175 -0.000644
20080827 0.020237 0.012813 0.005158
20080828 0.040443 0.030477 0.025016
20080829 -0.017579 -0.013253 -0.026283
20080902 0.023942 -0.023328 0.011568
20080903 0.006891 -0.019543 0.012071
20080904 -0.052799 -0.055958 -0.053358
20080905 0.016774 0.002033 0.006631
20080908 0.028426 0.00796 0.023715
20080909 -0.056268 -0.049551 -0.032175
20080910 -0.002092 0.02346 0.00133
20080911 0.015723 0.031678 0.037849
20080912 0.004902 0.010029 -0.019194
20080915 -0.089089 -0.034372 -0.016308
20080916 0.016629 0.024047 0.062997
20080917 -0.084003 -0.024409 -0.028072
20080918 0.141646 0.034363 0.028883
20080919 0.07105 0.017912 0.006862
20080922 -0.07698 -0.028425 -0.054523
20080923 0.026549 -0.016409 -0.013106
20080924 -0.020376 -0.028329 -0.011288
20080925 0.0088 0.003563 0.002686
20080926 0.044145 0.035023 0.002009
20080929 -0.175949 -0.066116 -0.052807
20080930 0.088479 -0.004842 0.0494
20081001 0.00254 -0.044463 -0.004707
20081002 -0.090549 -0.083055 -0.042568
20081003 -0.039515 -0.019341 -0.035992
20081006 -0.025915 -0.03925 -0.050512
20081007 -0.060525 -0.038008 -0.0532
20081008 -0.04 0.006761 -0.061075
20081009 -0.115044 -0.059811 -0.0451
20081010 -0.035417 -0.037277 0.006358
20081013 0.179266 0.147229 0.059567
20081014 0.032601 -0.040218 -0.037479
20081015 -0.13409 -0.11434 -0.104425
20081016 -0.031544 0.017356 0.043478
20081017 -0.013113 -0.071985 -0.010417
20081020 0.043721 0.040183 0.065072
20081021 0.083778 -0.050611 -0.055705
20081022 -0.051914 -0.05949 -0.049477
20081023 -0.019584 -0.031763 0.027027
20081024 -0.019568 -0.058258 -0.05653
20081027 -0.040333 -0.015616 -0.009298
20081028 0.103553 0.066199 0.13243
20081029 -0.010208 0.034049 0.043278
20081030 0.033717 0.034034 0.113857
20081031 0.055257 0.02221 0.040412
20081103 0.029818 0.021204 -0.045697
20081104 0.052966 0.083056 -0.007183
20081105 -0.066734 -0.043787 -0.061897
20081106 -0.104563 -0.069307 -0.0497
20081107 0.01565 0.022606 -0.048693
20081110 -0.052548 -0.027048 -0.033175
20081111 -0.065888 -0.014435 -0.020588
20081112 -0.104911 -0.048549 -0.066066
20081113 0.036409 0.123432 -0.002144
20081114 -0.038017 -0.062167 -0.075188
20081117 -0.031015 -0.034091 0.003484
20081118 0.000516 0.013725 -0.030093
20081119 -0.033024 -0.064106 -0.048926
20081120 -0.080576 -0.03041 -0.100376
20081121 0.084736 0.055725 0.09205
20081124 0.133226 0.048169 0.079183
20081125 0.008971 0.025592 -0.028402
20081126 0.043519 0.055272 0.069427
20081128 0.045291 0.042207 0.017084
20081201 -0.157443 -0.107587 -0.109742
20081202 0.057027 0.038819 0.072956
20081203 0.053468 0.043421 0.012896
20081204 -0.047097 -0.05372 -0.003472
20081205 0.045106 0.019723 0.059233
20081208 0.12213 0.10873 0.052632
20081209 -0.047054 -0.000943 -0.034375
20081210 -0.074281 0.030439 0.028047
20081211 -0.066327 -0.033661 -0.058762
20081212 0.010432 -0.002844 0.041249
20081215 -0.049164 0.003089 -0.036403
20081216 0.037229 0.037669 0.08
20081217 -0.012463 0.019406 0.011317
20081218 -0.045936 -0.055767 -0.024415
20081219 0.028042 0.012571 0.03024
20081222 -0.051981 -0.021316 -0.052632
20081223 -0.024973 -0.015558 -0.018162
20081224 0.000557 0.018964 0.016322
20081226 -0.003339 0.019327 0.001071
20081229 -0.011725 -0.008895 -0.034225
20081230 0.016949 0.031176 0.036545
20081231 0.030556 0.023133 0.010684
