date mon day value
2000 01 04  1.6370
2000 01 05  1.6415
2000 01 06  1.6475
2000 01 07  1.6384
2000 01 10  1.6374
2000 01 11  1.6480
2000 01 12  1.6465
2000 01 13  1.6482
2000 01 14  1.6353
2000 01 18  1.6380
2000 01 19  1.6438
2000 01 20  1.6538
2000 01 21  1.6504
2000 01 24  1.6520
2000 01 25  1.6482
2000 01 26  1.6395
2000 01 27  1.6363
2000 01 28  1.6210
2000 01 31  1.6182
2000 02 01  1.6150
2000 02 02  1.6060
2000 02 03  1.6025
2000 02 04  1.5915
2000 02 07  1.5917
2000 02 08  1.6105
2000 02 09  1.6115
2000 02 10  1.6057
2000 02 11  1.5923
2000 02 14  1.5890
2000 02 15  1.5950
2000 02 16  1.6040
2000 02 17  1.6050
2000 02 18  1.5984
2000 02 22  1.6165
2000 02 23  1.6047
2000 02 24  1.5981
2000 02 25  1.5908
2000 02 28  1.5935
2000 02 29  1.5780
2000 03 01  1.5849
2000 03 02  1.5765
2000 03 03  1.5810
2000 03 06  1.5732
2000 03 07  1.5772
2000 03 08  1.5855
2000 03 09  1.5815
2000 03 10  1.5793
2000 03 13  1.5782
2000 03 14  1.5725
2000 03 15  1.5730
2000 03 16  1.5747
2000 03 17  1.5705
2000 03 20  1.5686
2000 03 21  1.5725
2000 03 22  1.5705
2000 03 23  1.5830
2000 03 24  1.5910
2000 03 27  1.5855
2000 03 28  1.5872
2000 03 29  1.5870
2000 03 30  1.5922
2000 03 31  1.5922
2000 04 03  1.5980
2000 04 04  1.5965
2000 04 05  1.5900
2000 04 06  1.5800
2000 04 07  1.5830
2000 04 10  1.5828
2000 04 11  1.5873
2000 04 12  1.5882
2000 04 13  1.5881
2000 04 14  1.5860
2000 04 17  1.5853
2000 04 18  1.5764
2000 04 19  1.5777
2000 04 20  1.5801
2000 04 21  1.5785
2000 04 24  1.5800
2000 04 25  1.5787
2000 04 26  1.5795
2000 04 27  1.5748
2000 04 28  1.5560
2000 05 01  1.5558
2000 05 02  1.5590
2000 05 03  1.5605
2000 05 04  1.5435
2000 05 05  1.5288
2000 05 08  1.5310
2000 05 09  1.5315
2000 05 10  1.5153
2000 05 11  1.4997
2000 05 12  1.5172
2000 05 15  1.5075
2000 05 16  1.5008
2000 05 17  1.4905
2000 05 18  1.4818
2000 05 19  1.4855
2000 05 22  1.4907
2000 05 23  1.4728
2000 05 24  1.4755
2000 05 25  1.4705
2000 05 26  1.4875
2000 05 30  1.4950
2000 05 31  1.4968
2000 06 01  1.4915
2000 06 02  1.5079
2000 06 05  1.5135
2000 06 06  1.5235
2000 06 07  1.5225
2000 06 08  1.5060
2000 06 09  1.5079
2000 06 12  1.5120
2000 06 13  1.5130
2000 06 14  1.5023
2000 06 15  1.5103
2000 06 16  1.5165
2000 06 19  1.5154
2000 06 20  1.5100
2000 06 21  1.4970
2000 06 22  1.5110
2000 06 23  1.5010
2000 06 26  1.4990
2000 06 27  1.5000
2000 06 28  1.5107
2000 06 29  1.5194
2000 06 30  1.5130
2000 07 03  1.5135
2000 07 05  1.5120
2000 07 06  1.5120
2000 07 07  1.5143
2000 07 10  1.5137
2000 07 11  1.5140
2000 07 12  1.5068
2000 07 13  1.4990
2000 07 14  1.4990
2000 07 17  1.4920
2000 07 18  1.4945
2000 07 19  1.4942
2000 07 20  1.5094
2000 07 21  1.5167
2000 07 24  1.5140
2000 07 25  1.5190
2000 07 26  1.5154
2000 07 27  1.5116
2000 07 28  1.5025
2000 07 31  1.4983
2000 08 01  1.4992
2000 08 02  1.4926
2000 08 03  1.4947
2000 08 04  1.5022
2000 08 07  1.5070
2000 08 08  1.5022
2000 08 09  1.4992
2000 08 10  1.4980
2000 08 11  1.5040
2000 08 14  1.5060
2000 08 15  1.5056
2000 08 16  1.4988
2000 08 17  1.4992
2000 08 18  1.4895
2000 08 21  1.4900
2000 08 22  1.4797
2000 08 23  1.4813
2000 08 24  1.4806
2000 08 25  1.4745
2000 08 28  1.4716
2000 08 29  1.4616
2000 08 30  1.4560
2000 08 31  1.4515
2000 09 01  1.4605
2000 09 05  1.4522
2000 09 06  1.4455
2000 09 07  1.4380
2000 09 08  1.4196
2000 09 11  1.4123
2000 09 12  1.4020
2000 09 13  1.4125
2000 09 14  1.4060
2000 09 15  1.4005
2000 09 18  1.4015
2000 09 19  1.4080
2000 09 20  1.4107
2000 09 21  1.4280
2000 09 22  1.4568
2000 09 25  1.4540
2000 09 26  1.4600
2000 09 27  1.4607
2000 09 28  1.4635
2000 09 29  1.4787
2000 10 02  1.4675
2000 10 03  1.4565
2000 10 04  1.4558
2000 10 05  1.4502
2000 10 06  1.4445
2000 10 10  1.4484
2000 10 11  1.4620
2000 10 12  1.4735
2000 10 13  1.4597
2000 10 16  1.4455
2000 10 17  1.4426
2000 10 18  1.4464
2000 10 19  1.4422
2000 10 20  1.4448
2000 10 23  1.4550
2000 10 24  1.4490
2000 10 25  1.4335
2000 10 26  1.4313
2000 10 27  1.4517
2000 10 30  1.4530
2000 10 31  1.4505
2000 11 01  1.4452
2000 11 02  1.4440
2000 11 03  1.4484
2000 11 06  1.4320
2000 11 07  1.4310
2000 11 08  1.4236
2000 11 09  1.4242
2000 11 10  1.4305
2000 11 13  1.4388
2000 11 14  1.4306
2000 11 15  1.4257
2000 11 16  1.4228
2000 11 17  1.4230
2000 11 20  1.4222
2000 11 21  1.4160
2000 11 22  1.4077
2000 11 24  1.3997
2000 11 27  1.4155
2000 11 28  1.4182
2000 11 29  1.4209
2000 11 30  1.4210
2000 12 01  1.4373
2000 12 04  1.4523
2000 12 05  1.4410
2000 12 06  1.4365
2000 12 07  1.4400
2000 12 08  1.4442
2000 12 11  1.4554
2000 12 12  1.4480
2000 12 13  1.4510
2000 12 14  1.4665
2000 12 15  1.4763
2000 12 18  1.4677
2000 12 19  1.4620
2000 12 20  1.4737
2000 12 21  1.4707
2000 12 22  1.4783
2000 12 26  1.4800
2000 12 27  1.4912
2000 12 28  1.4907
2000 12 29  1.4955
2001 01 02  1.4977
2001 01 03  1.5045
2001 01 04  1.4930
2001 01 05  1.4990
2001 01 08  1.4969
2001 01 09  1.4900
2001 01 10  1.4910
2001 01 11  1.4965
2001 01 12  1.4778
2001 01 16  1.4675
2001 01 17  1.4723
2001 01 18  1.4755
2001 01 19  1.4683
2001 01 22  1.4650
2001 01 23  1.4715
2001 01 24  1.4616
2001 01 25  1.4605
2001 01 26  1.4590
2001 01 29  1.4570
2001 01 30  1.4615
2001 01 31  1.4613
2001 02 01  1.4775
2001 02 02  1.4692
2001 02 05  1.4750
2001 02 06  1.4585
2001 02 07  1.4633
2001 02 08  1.4440
2001 02 09  1.4490
2001 02 12  1.4513
2001 02 13  1.4510
2001 02 14  1.4578
2001 02 15  1.4490
2001 02 16  1.4505
2001 02 20  1.4436
2001 02 21  1.4385
2001 02 22  1.4447
2001 02 23  1.4470
2001 02 26  1.4440
2001 02 27  1.4405
2001 02 28  1.4433
2001 03 01  1.4553
2001 03 02  1.4725
2001 03 05  1.4687
2001 03 06  1.4655
2001 03 07  1.4612
2001 03 08  1.4667
2001 03 09  1.4675
2001 03 12  1.4670
2001 03 13  1.4513
2001 03 14  1.4497
2001 03 15  1.4436
2001 03 16  1.4265
2001 03 19  1.4237
2001 03 20  1.4285
2001 03 21  1.4310
2001 03 22  1.4223
2001 03 23  1.4292
2001 03 26  1.4345
2001 03 27  1.4290
2001 03 28  1.4352
2001 03 29  1.4302
2001 03 30  1.4190
2001 04 02  1.4200
2001 04 03  1.4305
2001 04 04  1.4350
2001 04 05  1.4266
2001 04 06  1.4383
2001 04 09  1.4470
2001 04 10  1.4360
2001 04 11  1.4340
2001 04 12  1.4391
2001 04 13  1.4354
2001 04 16  1.4360
2001 04 17  1.4287
2001 04 18  1.4257
2001 04 19  1.4366
2001 04 20  1.4428
2001 04 23  1.4377
2001 04 24  1.4365
2001 04 25  1.4397
2001 04 26  1.4378
2001 04 27  1.4362
2001 04 30  1.4306
2001 05 01  1.4340
2001 05 02  1.4345
2001 05 03  1.4322
2001 05 04  1.4362
2001 05 07  1.4400
2001 05 08  1.4315
2001 05 09  1.4209
2001 05 10  1.4186
2001 05 11  1.4177
2001 05 14  1.4176
2001 05 15  1.4236
2001 05 16  1.4293
2001 05 17  1.4310
2001 05 18  1.4333
2001 05 21  1.4380
2001 05 22  1.4278
2001 05 23  1.4245
2001 05 24  1.4103
2001 05 25  1.4207
2001 05 29  1.4187
2001 05 30  1.4251
2001 05 31  1.4175
2001 06 01  1.4160
2001 06 04  1.4123
2001 06 05  1.4113
2001 06 06  1.3906
2001 06 07  1.3900
2001 06 08  1.3817
2001 06 11  1.3730
2001 06 12  1.3781
2001 06 13  1.3909
2001 06 14  1.4005
2001 06 15  1.4056
2001 06 18  1.4034
2001 06 19  1.4008
2001 06 20  1.3952
2001 06 21  1.4167
2001 06 22  1.4140
2001 06 25  1.4130
2001 06 26  1.4154
2001 06 27  1.4190
2001 06 28  1.4070
2001 06 29  1.4077
2001 07 02  1.4168
2001 07 03  1.4058
2001 07 05  1.3998
2001 07 06  1.4106
2001 07 09  1.4081
2001 07 10  1.4098
2001 07 11  1.4121
2001 07 12  1.4065
2001 07 13  1.3995
2001 07 16  1.4011
2001 07 17  1.4037
2001 07 18  1.4160
2001 07 19  1.4190
2001 07 20  1.4290
2001 07 23  1.4185
2001 07 24  1.4223
2001 07 25  1.4280
2001 07 26  1.4265
2001 07 27  1.4256
2001 07 30  1.4260
2001 07 31  1.4252
2001 08 01  1.4330
2001 08 02  1.4295
2001 08 03  1.4268
2001 08 06  1.4175
2001 08 07  1.4169
2001 08 08  1.4135
2001 08 09  1.4218
2001 08 10  1.4273
2001 08 13  1.4217
2001 08 14  1.4285
2001 08 15  1.4379
2001 08 16  1.4438
2001 08 17  1.4465
2001 08 20  1.4445
2001 08 21  1.4468
2001 08 22  1.4538
2001 08 23  1.4478
2001 08 24  1.4443
2001 08 27  1.4430
2001 08 28  1.4501
2001 08 29  1.4515
2001 08 30  1.4577
2001 08 31  1.4510
2001 09 04  1.4444
2001 09 05  1.4553
2001 09 06  1.4561
2001 09 07  1.4626
2001 09 10  1.4585
2001 09 12  1.4666
2001 09 13  1.4697
2001 09 14  1.4678
2001 09 17  1.4661
2001 09 18  1.4635
2001 09 19  1.4714
2001 09 20  1.4642
2001 09 21  1.4547
2001 09 24  1.4616
2001 09 25  1.4692
2001 09 26  1.4745
2001 09 27  1.4733
2001 09 28  1.4691
2001 10 01  1.4785
2001 10 02  1.4618
2001 10 03  1.4756
2001 10 04  1.4774
2001 10 05  1.4795
2001 10 09  1.4605
2001 10 10  1.4490
2001 10 11  1.4415
2001 10 12  1.4518
2001 10 15  1.4470
2001 10 16  1.4478
2001 10 17  1.4505
2001 10 18  1.4440
2001 10 19  1.4372
2001 10 22  1.4265
2001 10 23  1.4214
2001 10 24  1.4263
2001 10 25  1.4306
2001 10 26  1.4348
2001 10 29  1.4525
2001 10 30  1.4546
2001 10 31  1.4534
2001 11 01  1.4620
2001 11 02  1.4615
2001 11 05  1.4570
2001 11 06  1.4591
2001 11 07  1.4650
2001 11 08  1.4540
2001 11 09  1.4574
2001 11 13  1.4425
2001 11 14  1.4429
2001 11 15  1.4310
2001 11 16  1.4278
2001 11 19  1.4107
2001 11 20  1.4180
2001 11 21  1.4154
2001 11 23  1.4095
2001 11 26  1.4125
2001 11 27  1.4137
2001 11 28  1.4235
2001 11 29  1.4232
2001 11 30  1.4255
2001 12 03  1.4217
2001 12 04  1.4216
2001 12 05  1.4164
2001 12 06  1.4250
2001 12 07  1.4315
2001 12 10  1.4342
2001 12 11  1.4365
2001 12 12  1.4440
2001 12 13  1.4454
2001 12 14  1.4547
2001 12 17  1.4588
2001 12 18  1.4565
2001 12 19  1.4508
2001 12 20  1.4464
2001 12 21  1.4385
2001 12 24  1.4385
2001 12 26  1.4490
2001 12 27  1.4540
2001 12 28  1.4475
2001 12 31  1.4543
2002 01 02  1.4451
2002 01 03  1.4400
2002 01 04  1.4455
2002 01 07  1.4385
2002 01 08  1.4426
2002 01 09  1.4373
2002 01 10  1.4433
2002 01 11  1.4448
2002 01 14  1.4482
2002 01 15  1.4450
2002 01 16  1.4375
2002 01 17  1.4348
2002 01 18  1.4365
2002 01 22  1.4295
2002 01 23  1.4273
2002 01 24  1.4229
2002 01 25  1.4096
2002 01 28  1.4074
2002 01 29  1.4132
2002 01 30  1.4160
2002 01 31  1.4120
2002 02 01  1.4158
2002 02 04  1.4197
2002 02 05  1.4170
2002 02 06  1.4138
2002 02 07  1.4117
2002 02 08  1.4176
2002 02 11  1.4237
2002 02 12  1.4322
2002 02 13  1.4298
2002 02 14  1.4285
2002 02 15  1.4315
2002 02 19  1.4302
2002 02 20  1.4269
2002 02 21  1.4253
2002 02 22  1.4301
2002 02 25  1.4263
2002 02 26  1.4225
2002 02 27  1.4165
2002 02 28  1.4129
2002 03 01  1.4190
2002 03 04  1.4228
2002 03 05  1.4212
2002 03 06  1.4238
2002 03 07  1.4245
2002 03 08  1.4227
2002 03 11  1.4220
2002 03 12  1.4146
2002 03 13  1.4157
2002 03 14  1.4200
2002 03 15  1.4238
2002 03 18  1.4256
2002 03 19  1.4213
2002 03 20  1.4260
2002 03 21  1.4287
2002 03 22  1.4263
2002 03 25  1.4255
2002 03 26  1.4270
2002 03 27  1.4238
2002 03 28  1.4242
2002 03 29  1.4250
2002 04 01  1.4407
2002 04 02  1.4358
2002 04 03  1.4350
2002 04 04  1.4349
2002 04 05  1.4350
2002 04 08  1.4310
2002 04 09  1.4345
2002 04 10  1.4365
2002 04 11  1.4382
2002 04 12  1.4371
2002 04 15  1.4372
2002 04 16  1.4396
2002 04 17  1.4438
2002 04 18  1.4479
2002 04 19  1.4472
2002 04 22  1.4488
2002 04 23  1.4486
2002 04 24  1.4480
2002 04 25  1.4540
2002 04 26  1.4545
2002 04 29  1.4592
2002 04 30  1.4565
2002 05 01  1.4621
2002 05 02  1.4645
2002 05 03  1.4664
2002 05 06  1.4676
2002 05 07  1.4675
2002 05 08  1.4533
2002 05 09  1.4585
2002 05 10  1.4606
2002 05 13  1.4588
2002 05 14  1.4474
2002 05 15  1.4558
2002 05 16  1.4567
2002 05 17  1.4602
2002 05 20  1.4588
2002 05 21  1.4568
2002 05 22  1.4589
2002 05 23  1.4545
2002 05 24  1.4577
2002 05 28  1.4618
2002 05 29  1.4600
2002 05 30  1.4655
2002 05 31  1.4625
2002 06 03  1.4622
2002 06 04  1.4605
2002 06 05  1.4574
2002 06 06  1.4593
2002 06 07  1.4604
2002 06 10  1.4610
2002 06 11  1.4686
2002 06 12  1.4705
2002 06 13  1.4709
2002 06 14  1.4735
2002 06 17  1.4782
2002 06 18  1.4868
2002 06 19  1.4873
2002 06 20  1.4982
2002 06 21  1.4987
2002 06 24  1.5056
2002 06 25  1.4999
2002 06 26  1.5217
2002 06 27  1.5285
2002 06 28  1.5245
2002 07 01  1.5307
2002 07 02  1.5300
2002 07 03  1.5268
2002 07 05  1.5206
2002 07 08  1.5348
2002 07 09  1.5465
2002 07 10  1.5483
2002 07 11  1.5545
2002 07 12  1.5500
2002 07 15  1.5656
2002 07 16  1.5693
2002 07 17  1.5682
2002 07 18  1.5685
2002 07 19  1.5785
2002 07 22  1.5800
2002 07 23  1.5657
2002 07 24  1.5745
2002 07 25  1.5754
2002 07 26  1.5635
2002 07 29  1.5570
2002 07 30  1.5725
2002 07 31  1.5625
2002 08 01  1.5578
2002 08 02  1.5709
2002 08 05  1.5665
2002 08 06  1.5382
2002 08 07  1.5354
2002 08 08  1.5278
2002 08 09  1.5235
2002 08 12  1.5317
2002 08 13  1.5310
2002 08 14  1.5442
2002 08 15  1.5360
2002 08 16  1.5372
2002 08 19  1.5272
2002 08 20  1.5266
2002 08 21  1.5295
2002 08 22  1.5192
2002 08 23  1.5215
2002 08 26  1.5236
2002 08 27  1.5305
2002 08 28  1.5363
2002 08 29  1.5484
2002 08 30  1.5476
2002 09 03  1.5625
2002 09 04  1.5642
2002 09 05  1.5660
2002 09 06  1.5597
2002 09 09  1.5585
2002 09 10  1.5544
2002 09 11  1.5492
2002 09 12  1.5549
2002 09 13  1.5585
2002 09 16  1.5440
2002 09 17  1.5343
2002 09 18  1.5525
2002 09 19  1.5545
2002 09 20  1.5558
2002 09 23  1.5575
2002 09 24  1.5565
2002 09 25  1.5625
2002 09 26  1.5563
2002 09 27  1.5548
2002 09 30  1.5700
2002 10 01  1.5708
2002 10 02  1.5655
2002 10 03  1.5704
2002 10 04  1.5690
2002 10 07  1.5643
2002 10 08  1.5569
2002 10 09  1.5595
2002 10 10  1.5625
2002 10 11  1.5605
2002 10 15  1.5542
2002 10 16  1.5543
2002 10 17  1.5525
2002 10 18  1.5461
2002 10 21  1.5418
2002 10 22  1.5463
2002 10 23  1.5499
2002 10 24  1.5478
2002 10 25  1.5533
2002 10 28  1.5602
2002 10 29  1.5585
2002 10 30  1.5568
2002 10 31  1.5630
2002 11 01  1.5638
2002 11 04  1.5545
2002 11 05  1.5625
2002 11 06  1.5590
2002 11 07  1.5796
2002 11 08  1.5915
2002 11 12  1.5879
2002 11 13  1.5850
2002 11 14  1.5788
2002 11 15  1.5790
2002 11 18  1.5790
2002 11 19  1.5880
2002 11 20  1.5750
2002 11 21  1.5753
2002 11 22  1.5778
2002 11 25  1.5667
2002 11 26  1.5485
2002 11 27  1.5440
2002 11 29  1.5553
2002 12 02  1.5555
2002 12 03  1.5687
2002 12 04  1.5682
2002 12 05  1.5708
2002 12 06  1.5730
2002 12 09  1.5785
2002 12 10  1.5699
2002 12 11  1.5744
2002 12 12  1.5800
2002 12 13  1.5896
2002 12 16  1.5905
2002 12 17  1.5963
2002 12 18  1.6000
2002 12 19  1.5986
2002 12 20  1.6015
2002 12 23  1.5870
2002 12 24  1.5958
2002 12 26  1.5978
2002 12 27  1.6022
2002 12 30  1.6044
2002 12 31  1.6095
2003 01 02  1.5975
2003 01 03  1.6045
2003 01 06  1.6080
2003 01 07  1.6055
2003 01 08  1.6063
2003 01 09  1.6035
2003 01 10  1.6079
2003 01 13  1.6030
2003 01 14  1.6070
2003 01 15  1.6029
2003 01 16  1.6073
2003 01 17  1.6173
2003 01 21  1.6123
2003 01 22  1.6162
2003 01 23  1.6233
2003 01 24  1.6320
2003 01 27  1.6351
2003 01 28  1.6400
2003 01 29  1.6457
2003 01 30  1.6482
2003 01 31  1.6448
2003 02 03  1.6405
2003 02 04  1.6480
2003 02 05  1.6455
2003 02 06  1.6354
2003 02 07  1.6284
2003 02 10  1.6275
2003 02 11  1.6193
2003 02 12  1.6155
2003 02 13  1.6209
2003 02 14  1.6105
2003 02 18  1.5921
2003 02 19  1.5957
2003 02 20  1.5925
2003 02 21  1.5864
2003 02 24  1.5860
2003 02 25  1.5727
2003 02 26  1.5806
2003 02 27  1.5798
2003 02 28  1.5737
2003 03 03  1.5755
2003 03 04  1.5820
2003 03 05  1.6003
2003 03 06  1.6049
2003 03 07  1.6020
2003 03 10  1.6007
2003 03 11  1.6038
2003 03 12  1.6129
2003 03 13  1.6057
2003 03 14  1.5821
2003 03 17  1.5682
2003 03 18  1.5624
2003 03 19  1.5648
2003 03 20  1.5670
2003 03 21  1.5660
2003 03 24  1.5748
2003 03 25  1.5707
2003 03 26  1.5742
2003 03 27  1.5676
2003 03 28  1.5673
2003 03 31  1.5790
2003 04 01  1.5767
2003 04 02  1.5659
2003 04 03  1.5718
2003 04 04  1.5597
2003 04 07  1.5500
2003 04 08  1.5507
2003 04 09  1.5562
2003 04 10  1.5719
2003 04 11  1.5713
2003 04 14  1.5713
2003 04 15  1.5705
2003 04 16  1.5740
2003 04 17  1.5748
2003 04 18  1.5733
2003 04 21  1.5592
2003 04 22  1.5768
2003 04 23  1.5815
2003 04 24  1.5971
2003 04 25  1.5915
2003 04 28  1.5906
2003 04 29  1.5904
2003 04 30  1.6000
2003 05 01  1.6103
2003 05 02  1.6020
2003 05 05  1.6060
2003 05 06  1.6140
2003 05 07  1.5930
2003 05 08  1.6034
2003 05 09  1.6045
2003 05 12  1.6095
2003 05 13  1.6092
2003 05 14  1.6163
2003 05 15  1.6262
2003 05 16  1.6241
2003 05 19  1.6352
2003 05 20  1.6393
2003 05 21  1.6415
2003 05 22  1.6346
2003 05 23  1.6376
2003 05 27  1.6400
2003 05 28  1.6350
2003 05 29  1.6484
2003 05 30  1.6393
2003 06 02  1.6372
2003 06 03  1.6278
2003 06 04  1.6333
2003 06 05  1.6597
2003 06 06  1.6622
2003 06 09  1.6452
2003 06 10  1.6523
2003 06 11  1.6675
2003 06 12  1.6682
2003 06 13  1.6676
2003 06 16  1.6815
2003 06 17  1.6840
2003 06 18  1.6798
2003 06 19  1.6740
2003 06 20  1.6644
2003 06 23  1.6682
2003 06 24  1.6607
2003 06 25  1.6787
2003 06 26  1.6640
2003 06 27  1.6492
2003 06 30  1.6529
2003 07 01  1.6626
2003 07 02  1.6646
2003 07 03  1.6718
2003 07 07  1.6515
2003 07 08  1.6326
2003 07 09  1.6306
2003 07 10  1.6326
2003 07 11  1.6323
2003 07 14  1.6238
2003 07 15  1.5986
2003 07 16  1.5952
2003 07 17  1.5893
2003 07 18  1.5867
2003 07 21  1.6010
2003 07 22  1.5978
2003 07 23  1.6090
2003 07 24  1.6110
2003 07 25  1.6198
2003 07 28  1.6272
2003 07 29  1.6225
2003 07 30  1.6167
2003 07 31  1.6090
2003 08 01  1.6045
2003 08 04  1.6080
2003 08 05  1.6085
2003 08 06  1.6081
2003 08 07  1.6170
2003 08 08  1.6080
2003 08 11  1.6068
2003 08 12  1.6028
2003 08 13  1.6082
2003 08 14  1.6000
2003 08 15  1.5958
2003 08 18  1.5891
2003 08 19  1.5872
2003 08 20  1.5922
2003 08 21  1.5845
2003 08 22  1.5755
2003 08 25  1.5728
2003 08 26  1.5732
2003 08 27  1.5746
2003 08 28  1.5770
2003 08 29  1.5773
2003 09 02  1.5740
2003 09 03  1.5732
2003 09 04  1.5785
2003 09 05  1.5891
2003 09 08  1.5858
2003 09 09  1.5909
2003 09 10  1.5897
2003 09 11  1.5937
2003 09 12  1.6062
2003 09 15  1.6018
2003 09 16  1.5871
2003 09 17  1.6044
2003 09 18  1.6155
2003 09 19  1.6315
2003 09 22  1.6472
2003 09 23  1.6560
2003 09 24  1.6558
2003 09 25  1.6587
2003 09 26  1.6597
2003 09 29  1.6642
2003 09 30  1.6620
2003 10 01  1.6667
2003 10 02  1.6750
2003 10 03  1.6630
2003 10 06  1.6742
2003 10 07  1.6628
2003 10 08  1.6598
2003 10 09  1.6609
2003 10 10  1.6654
2003 10 14  1.6737
2003 10 15  1.6698
2003 10 16  1.6760
2003 10 17  1.6721
2003 10 20  1.6749
2003 10 21  1.6746
2003 10 22  1.6935
2003 10 23  1.6943
2003 10 24  1.6972
2003 10 27  1.6952
2003 10 28  1.6956
2003 10 29  1.6988
2003 10 30  1.7025
2003 10 31  1.6956
2003 11 03  1.6786
2003 11 04  1.6802
2003 11 05  1.6780
2003 11 06  1.6693
2003 11 07  1.6708
2003 11 10  1.6737
2003 11 12  1.6770
2003 11 13  1.6880
2003 11 14  1.6841
2003 11 17  1.6885
2003 11 18  1.6998
2003 11 19  1.6982
2003 11 20  1.7024
2003 11 21  1.7025
2003 11 24  1.6950
2003 11 25  1.6983
2003 11 26  1.7090
2003 11 28  1.7219
2003 12 01  1.7209
2003 12 02  1.7291
2003 12 03  1.7248
2003 12 04  1.7200
2003 12 05  1.7270
2003 12 08  1.7334
2003 12 09  1.7430
2003 12 10  1.7446
2003 12 11  1.7445
2003 12 12  1.7466
2003 12 15  1.7450
2003 12 16  1.7510
2003 12 17  1.7615
2003 12 18  1.7673
2003 12 19  1.7675
2003 12 22  1.7635
2003 12 23  1.7650
2003 12 24  1.7748
2003 12 26  1.7725
2003 12 29  1.7705
2003 12 30  1.7786
2003 12 31  1.7842
2004 01 02  1.7902
2004 01 05  1.8085
2004 01 06  1.8245
2004 01 07  1.8193
2004 01 08  1.8338
2004 01 09  1.8472
2004 01 12  1.8511
2004 01 13  1.8432
2004 01 14  1.8409
2004 01 15  1.8205
2004 01 16  1.7996
2004 01 20  1.8187
2004 01 21  1.8295
2004 01 22  1.8446
2004 01 23  1.8203
2004 01 26  1.8200
2004 01 27  1.8277
2004 01 28  1.8370
2004 01 29  1.8112
2004 01 30  1.8215
2004 02 02  1.8182
2004 02 03  1.8380
2004 02 04  1.8335
2004 02 05  1.8378
2004 02 06  1.8459
2004 02 09  1.8580
2004 02 10  1.8697
2004 02 11  1.8850
2004 02 12  1.8910
2004 02 13  1.8830
2004 02 17  1.9045
2004 02 18  1.9023
2004 02 19  1.8921
2004 02 20  1.8668
2004 02 23  1.8686
2004 02 24  1.8901
2004 02 25  1.8757
2004 02 26  1.8609
2004 02 27  1.8575
2004 03 01  1.8680
2004 03 02  1.8386
2004 03 03  1.8192
2004 03 04  1.8250
2004 03 05  1.8428
2004 03 08  1.8471
2004 03 09  1.8395
2004 03 10  1.8000
2004 03 11  1.8008
2004 03 12  1.7943
2004 03 15  1.7993
2004 03 16  1.8105
2004 03 17  1.8132
2004 03 18  1.8363
2004 03 19  1.8270
2004 03 22  1.8485
2004 03 23  1.8502
2004 03 24  1.8351
2004 03 25  1.8099
2004 03 26  1.8104
2004 03 29  1.8163
2004 03 30  1.8283
2004 03 31  1.8400
2004 04 01  1.8564
2004 04 02  1.8293
2004 04 05  1.8140
2004 04 06  1.8374
2004 04 07  1.8410
2004 04 08  1.8325
2004 04 09  1.8322
2004 04 12  1.8358
2004 04 13  1.8160
2004 04 14  1.7902
2004 04 15  1.7785
2004 04 16  1.8004
2004 04 19  1.8055
2004 04 20  1.7914
2004 04 21  1.7720
2004 04 22  1.7684
2004 04 23  1.7674
2004 04 26  1.7857
2004 04 27  1.7925
2004 04 28  1.7720
2004 04 29  1.7751
2004 04 30  1.7744
2004 05 03  1.7720
2004 05 04  1.7907
2004 05 05  1.7932
2004 05 06  1.7941
2004 05 07  1.7842
2004 05 10  1.7723
2004 05 11  1.7544
2004 05 12  1.7743
2004 05 13  1.7584
2004 05 14  1.7572
2004 05 17  1.7695
2004 05 18  1.7695
2004 05 19  1.7827
2004 05 20  1.7710
2004 05 21  1.7880
2004 05 24  1.7908
2004 05 25  1.8135
2004 05 26  1.8142
2004 05 27  1.8369
2004 05 28  1.8330
2004 06 01  1.8359
2004 06 02  1.8381
2004 06 03  1.8387
2004 06 04  1.8367
2004 06 07  1.8386
2004 06 08  1.8361
2004 06 09  1.8292
2004 06 10  1.8380
2004 06 11  1.8175
2004 06 14  1.8148
2004 06 15  1.8278
2004 06 16  1.8262
2004 06 17  1.8341
2004 06 18  1.8368
2004 06 21  1.8310
2004 06 22  1.8217
2004 06 23  1.8184
2004 06 24  1.8216
2004 06 25  1.8218
2004 06 28  1.8294
2004 06 29  1.8090
2004 06 30  1.8126
2004 07 01  1.8160
2004 07 02  1.8300
2004 07 06  1.8423
2004 07 07  1.8571
2004 07 08  1.8566
2004 07 09  1.8555
2004 07 12  1.8640
2004 07 13  1.8540
2004 07 14  1.8564
2004 07 15  1.8545
2004 07 16  1.8708
2004 07 19  1.8734
2004 07 20  1.8556
2004 07 21  1.8354
2004 07 22  1.8470
2004 07 23  1.8321
2004 07 26  1.8393
2004 07 27  1.8219
2004 07 28  1.8222
2004 07 29  1.8174
2004 07 30  1.8183
2004 08 02  1.8273
2004 08 03  1.8243
2004 08 04  1.8248
2004 08 05  1.8231
2004 08 06  1.8459
2004 08 09  1.8403
2004 08 10  1.8387
2004 08 11  1.8280
2004 08 12  1.8210
2004 08 13  1.8432
2004 08 16  1.8392
2004 08 17  1.8288
2004 08 18  1.8225
2004 08 19  1.8313
2004 08 20  1.8213
2004 08 23  1.8143
2004 08 24  1.7935
2004 08 25  1.7965
2004 08 26  1.7939
2004 08 27  1.7921
2004 08 30  1.7925
2004 08 31  1.8031
2004 09 01  1.7940
2004 09 02  1.7916
2004 09 03  1.7759
2004 09 07  1.7733
2004 09 08  1.7882
2004 09 09  1.7853
2004 09 10  1.7979
2004 09 13  1.7956
2004 09 14  1.8001
2004 09 15  1.7772
2004 09 16  1.7909
2004 09 17  1.7921
2004 09 20  1.7880
2004 09 21  1.7946
2004 09 22  1.7949
2004 09 23  1.8003
2004 09 24  1.8031
2004 09 27  1.8076
2004 09 28  1.8105
2004 09 29  1.7970
2004 09 30  1.8090
2004 10 01  1.7976
2004 10 04  1.7827
2004 10 05  1.7828
2004 10 06  1.7790
2004 10 07  1.7822
2004 10 08  1.7935
2004 10 12  1.7879
2004 10 13  1.7890
2004 10 14  1.7972
2004 10 15  1.8048
2004 10 18  1.8010
2004 10 19  1.8039
2004 10 20  1.8187
2004 10 21  1.8297
2004 10 22  1.8277
2004 10 25  1.8404
2004 10 26  1.8369
2004 10 27  1.8323
2004 10 28  1.8320
2004 10 29  1.8345
2004 11 01  1.8323
2004 11 02  1.8385
2004 11 03  1.8445
2004 11 04  1.8440
2004 11 05  1.8542
2004 11 08  1.8564
2004 11 09  1.8589
2004 11 10  1.8476
2004 11 12  1.8552
2004 11 15  1.8480
2004 11 16  1.8544
2004 11 17  1.8580
2004 11 18  1.8514
2004 11 19  1.8600
2004 11 22  1.8590
2004 11 23  1.8713
2004 11 24  1.8813
2004 11 26  1.8965
2004 11 29  1.8948
2004 11 30  1.9073
2004 12 01  1.9297
2004 12 02  1.9225
2004 12 03  1.9375
2004 12 06  1.9423
2004 12 07  1.9459
2004 12 08  1.9283
2004 12 09  1.9185
2004 12 10  1.9134
2004 12 13  1.9235
2004 12 14  1.9239
2004 12 15  1.9446
2004 12 16  1.9375
2004 12 17  1.9390
2004 12 20  1.9482
2004 12 21  1.9263
2004 12 22  1.9125
2004 12 23  1.9193
2004 12 24  1.9236
2004 12 27  1.9369
2004 12 28  1.9316
2004 12 29  1.9157
2004 12 30  1.9220
2004 12 31  1.9160
2005 01 03  1.9058
2005 01 04  1.8834
2005 01 05  1.8875
2005 01 06  1.8751
2005 01 07  1.8702
2005 01 10  1.8751
2005 01 11  1.8796
2005 01 12  1.8932
2005 01 13  1.8832
2005 01 14  1.8695
2005 01 18  1.8693
2005 01 19  1.8742
2005 01 20  1.8720
2005 01 21  1.8740
2005 01 24  1.8778
2005 01 25  1.8647
2005 01 26  1.8833
2005 01 27  1.8866
2005 01 28  1.8850
2005 01 31  1.8850
2005 02 01  1.8792
2005 02 02  1.8826
2005 02 03  1.8805
2005 02 04  1.8850
2005 02 07  1.8607
2005 02 08  1.8570
2005 02 09  1.8582
2005 02 10  1.8708
2005 02 11  1.8660
2005 02 14  1.8917
2005 02 15  1.8894
2005 02 16  1.8780
2005 02 17  1.8950
2005 02 18  1.8949
2005 02 22  1.9092
2005 02 23  1.9066
2005 02 24  1.9104
2005 02 25  1.9149
2005 02 28  1.9249
2005 03 01  1.9206
2005 03 02  1.9124
2005 03 03  1.9098
2005 03 04  1.9243
2005 03 07  1.9159
2005 03 08  1.9292
2005 03 09  1.9239
2005 03 10  1.9233
2005 03 11  1.9261
2005 03 14  1.9116
2005 03 15  1.9134
2005 03 16  1.9264
2005 03 17  1.9240
2005 03 18  1.9192
2005 03 21  1.8974
2005 03 22  1.8997
2005 03 23  1.8712
2005 03 24  1.8709
2005 03 25  1.8684
2005 03 28  1.8657
2005 03 29  1.8752
2005 03 30  1.8816
2005 03 31  1.8888
2005 04 01  1.8789
2005 04 04  1.8733
2005 04 05  1.8773
2005 04 06  1.8787
2005 04 07  1.8768
2005 04 08  1.8824
2005 04 11  1.8908
2005 04 12  1.8842
2005 04 13  1.8930
2005 04 14  1.8806
2005 04 15  1.8930
2005 04 18  1.9052
2005 04 19  1.9165
2005 04 20  1.9197
2005 04 21  1.9104
2005 04 22  1.9151
2005 04 25  1.9117
2005 04 26  1.9040
2005 04 27  1.9047
2005 04 28  1.9097
2005 04 29  1.9122
2005 05 02  1.8959
2005 05 03  1.8910
2005 05 04  1.9000
2005 05 05  1.9048
2005 05 06  1.8920
2005 05 09  1.8836
2005 05 10  1.8828
2005 05 11  1.8735
2005 05 12  1.8650
2005 05 13  1.8530
2005 05 16  1.8368
2005 05 17  1.8401
2005 05 18  1.8382
2005 05 19  1.8367
2005 05 20  1.8246
2005 05 23  1.8288
2005 05 24  1.8288
2005 05 25  1.8312
2005 05 26  1.8205
2005 05 27  1.8227
2005 05 31  1.8231
2005 06 01  1.8120
2005 06 02  1.8156
2005 06 03  1.8119
2005 06 06  1.8209
2005 06 07  1.8320
2005 06 08  1.8368
2005 06 09  1.8209
2005 06 10  1.8128
2005 06 13  1.8011
2005 06 14  1.8062
2005 06 15  1.8219
2005 06 16  1.8206
2005 06 17  1.8266
2005 06 20  1.8231
2005 06 21  1.8240
2005 06 22  1.8218
2005 06 23  1.8180
2005 06 24  1.8221
2005 06 27  1.8252
2005 06 28  1.8157
2005 06 29  1.8080
2005 06 30  1.7930
2005 07 01  1.7708
2005 07 05  1.7570
2005 07 06  1.7583
2005 07 07  1.7418
2005 07 08  1.7360
2005 07 11  1.7563
2005 07 12  1.7753
2005 07 13  1.7554
2005 07 14  1.7585
2005 07 15  1.7533
2005 07 18  1.7523
2005 07 19  1.7364
2005 07 20  1.7303
2005 07 21  1.7471
2005 07 22  1.7413
2005 07 25  1.7455
2005 07 26  1.7415
2005 07 27  1.7438
2005 07 28  1.7547
2005 07 29  1.7593
2005 08 01  1.7695
2005 08 02  1.7728
2005 08 03  1.7808
2005 08 04  1.7797
2005 08 05  1.7748
2005 08 08  1.7863
2005 08 09  1.7844
2005 08 10  1.7922
2005 08 11  1.8071
2005 08 12  1.8148
2005 08 15  1.8088
2005 08 16  1.8096
2005 08 17  1.8076
2005 08 18  1.7949
2005 08 19  1.7933
2005 08 22  1.8022
2005 08 23  1.7996
2005 08 24  1.7965
2005 08 25  1.8045
2005 08 26  1.8066
2005 08 29  1.8006
2005 08 30  1.7840
2005 08 31  1.8012
2005 09 01  1.8279
2005 09 02  1.8403
2005 09 06  1.8420
2005 09 07  1.8394
2005 09 08  1.8388
2005 09 09  1.8400
2005 09 12  1.8236
2005 09 13  1.8214
2005 09 14  1.8244
2005 09 15  1.8069
2005 09 16  1.8035
2005 09 19  1.8041
2005 09 20  1.8046
2005 09 21  1.8097
2005 09 22  1.7917
2005 09 23  1.7788
2005 09 26  1.7746
2005 09 27  1.7677
2005 09 28  1.7639
2005 09 29  1.7620
2005 09 30  1.7696
2005 10 03  1.7558
2005 10 04  1.7587
2005 10 05  1.7655
2005 10 06  1.7728
2005 10 07  1.7599
2005 10 11  1.7489
2005 10 12  1.7532
2005 10 13  1.7484
2005 10 14  1.7677
2005 10 17  1.7553
2005 10 18  1.7487
2005 10 19  1.7627
2005 10 20  1.7712
2005 10 21  1.7692
2005 10 24  1.7711
2005 10 25  1.7855
2005 10 26  1.7766
2005 10 27  1.7836
2005 10 28  1.7781
2005 10 31  1.7689
2005 11 01  1.7630
2005 11 02  1.7755
2005 11 03  1.7720
2005 11 04  1.7510
2005 11 07  1.7440
2005 11 08  1.7415
2005 11 09  1.7415
2005 11 10  1.7462
2005 11 14  1.7349
2005 11 15  1.7366
2005 11 16  1.7166
2005 11 17  1.7190
2005 11 18  1.7147
2005 11 21  1.7165
2005 11 22  1.7138
2005 11 23  1.7214
2005 11 25  1.7155
2005 11 28  1.7221
2005 11 29  1.7203
2005 11 30  1.7321
2005 12 01  1.7290
2005 12 02  1.7304
2005 12 05  1.7397
2005 12 06  1.7402
2005 12 07  1.7350
2005 12 08  1.7514
2005 12 09  1.7554
2005 12 12  1.7740
2005 12 13  1.7674
2005 12 14  1.7739
2005 12 15  1.7648
2005 12 16  1.7716
2005 12 19  1.7641
2005 12 20  1.7544
2005 12 21  1.7402
2005 12 22  1.7395
2005 12 23  1.7326
2005 12 27  1.7308
2005 12 28  1.7226
2005 12 29  1.7261
2005 12 30  1.7188
2006 01 03  1.7404
2006 01 04  1.7588
2006 01 05  1.7566
2006 01 06  1.7697
2006 01 09  1.7645
2006 01 10  1.7645
2006 01 11  1.7643
2006 01 12  1.7612
2006 01 13  1.7715
2006 01 17  1.7628
2006 01 18  1.7622
2006 01 19  1.7618
2006 01 20  1.7663
2006 01 23  1.7842
2006 01 24  1.7885
2006 01 25  1.7874
2006 01 26  1.7830
2006 01 27  1.7733
2006 01 30  1.7688
2006 01 31  1.7820
2006 02 01  1.7781
2006 02 02  1.7807
2006 02 03  1.7626
2006 02 06  1.7462
2006 02 07  1.7444
2006 02 08  1.7405
2006 02 09  1.7411
2006 02 10  1.7454
2006 02 13  1.7438
2006 02 14  1.7343
2006 02 15  1.7401
2006 02 16  1.7354
2006 02 17  1.7403
2006 02 21  1.7447
2006 02 22  1.7425
2006 02 23  1.7522
2006 02 24  1.7448
2006 02 27  1.7409
2006 02 28  1.7539
2006 03 01  1.7473
2006 03 02  1.7493
2006 03 03  1.7531
2006 03 06  1.7492
2006 03 07  1.7362
2006 03 08  1.7359
2006 03 09  1.7366
2006 03 10  1.7256
2006 03 13  1.7310
2006 03 14  1.7479
2006 03 15  1.7460
2006 03 16  1.7552
2006 03 17  1.7567
2006 03 20  1.7563
2006 03 21  1.7459
2006 03 22  1.7483
2006 03 23  1.7367
2006 03 24  1.7427
2006 03 27  1.7470
2006 03 28  1.7497
2006 03 29  1.7356
2006 03 30  1.7448
2006 03 31  1.7393
2006 04 03  1.7389
2006 04 04  1.7559
2006 04 05  1.7497
2006 04 06  1.7504
2006 04 07  1.7407
2006 04 10  1.7405
2006 04 11  1.7467
2006 04 12  1.7508
2006 04 13  1.7529
2006 04 14  1.7510
2006 04 17  1.7716
2006 04 18  1.7762
2006 04 19  1.7895
2006 04 20  1.7801
2006 04 21  1.7817
2006 04 24  1.7839
2006 04 25  1.7876
2006 04 26  1.7897
2006 04 27  1.8011
2006 04 28  1.8220
2006 05 01  1.8286
2006 05 02  1.8397
2006 05 03  1.8446
2006 05 04  1.8485
2006 05 05  1.8588
2006 05 08  1.8584
2006 05 09  1.8632
2006 05 10  1.8648
2006 05 11  1.8842
2006 05 12  1.8911
2006 05 15  1.8836
2006 05 16  1.8819
2006 05 17  1.8820
2006 05 18  1.8878
2006 05 19  1.8755
2006 05 22  1.8861
2006 05 23  1.8809
2006 05 24  1.8678
2006 05 25  1.8719
2006 05 26  1.8566
2006 05 30  1.8825
2006 05 31  1.8732
2006 06 01  1.8686
2006 06 02  1.8817
2006 06 05  1.8786
2006 06 06  1.8608
2006 06 07  1.8585
2006 06 08  1.8425
2006 06 09  1.8426
2006 06 12  1.8440
2006 06 13  1.8398
2006 06 14  1.8491
2006 06 15  1.8477
2006 06 16  1.8484
2006 06 19  1.8401
2006 06 20  1.8399
2006 06 21  1.8460
2006 06 22  1.8306
2006 06 23  1.8204
2006 06 26  1.8190
2006 06 27  1.8237
2006 06 28  1.8159
2006 06 29  1.8108
2006 06 30  1.8491
2006 07 03  1.8410
2006 07 05  1.8342
2006 07 06  1.8376
2006 07 07  1.8513
2006 07 10  1.8420
2006 07 11  1.8431
2006 07 12  1.8347
2006 07 13  1.8404
2006 07 14  1.8364
2006 07 17  1.8203
2006 07 18  1.8271
2006 07 19  1.8377
2006 07 20  1.8495
2006 07 21  1.8586
2006 07 24  1.8492
2006 07 25  1.8407
2006 07 26  1.8474
2006 07 27  1.8627
2006 07 28  1.8645
2006 07 31  1.8685
2006 08 01  1.8711
2006 08 02  1.8781
2006 08 03  1.8847
2006 08 04  1.9098
2006 08 07  1.9102
2006 08 08  1.9077
2006 08 09  1.9089
2006 08 10  1.8888
2006 08 11  1.8952
2006 08 14  1.8902
2006 08 15  1.8948
2006 08 16  1.8999
2006 08 17  1.8940
2006 08 18  1.8808
2006 08 21  1.8968
2006 08 22  1.8881
2006 08 23  1.8929
2006 08 24  1.8884
2006 08 25  1.8884
2006 08 28  1.8968
2006 08 29  1.8914
2006 08 30  1.9042
2006 08 31  1.9024
2006 09 01  1.9050
2006 09 05  1.8926
2006 09 06  1.8810
2006 09 07  1.8763
2006 09 08  1.8655
2006 09 11  1.8630
2006 09 12  1.8747
2006 09 13  1.8767
2006 09 14  1.8886
2006 09 15  1.8783
2006 09 18  1.8773
2006 09 19  1.8828
2006 09 20  1.8894
2006 09 21  1.8970
2006 09 22  1.9012
2006 09 25  1.9001
2006 09 26  1.8954
2006 09 27  1.8866
2006 09 28  1.8746
2006 09 29  1.8716
2006 10 02  1.8861
2006 10 03  1.8873
2006 10 04  1.8839
2006 10 05  1.8772
2006 10 06  1.8712
2006 10 10  1.8548
2006 10 11  1.8568
2006 10 12  1.8558
2006 10 13  1.8551
2006 10 16  1.8606
2006 10 17  1.8734
2006 10 18  1.8675
2006 10 19  1.8760
2006 10 20  1.8828
2006 10 23  1.8710
2006 10 24  1.8745
2006 10 25  1.8772
2006 10 26  1.8876
2006 10 27  1.8968
2006 10 30  1.9025
2006 10 31  1.9084
2006 11 01  1.9091
2006 11 02  1.9088
2006 11 03  1.9011
2006 11 06  1.8967
2006 11 07  1.9098
2006 11 08  1.9057
2006 11 09  1.9067
2006 11 10  1.9120
2006 11 13  1.9024
2006 11 14  1.8946
2006 11 15  1.8883
2006 11 16  1.8902
2006 11 17  1.8936
2006 11 20  1.8963
2006 11 21  1.8984
2006 11 22  1.9145
2006 11 24  1.9315
2006 11 27  1.9368
2006 11 28  1.9480
2006 11 29  1.9492
2006 11 30  1.9693
2006 12 01  1.9794
2006 12 04  1.9788
2006 12 05  1.9746
2006 12 06  1.9692
2006 12 07  1.9628
2006 12 08  1.9564
2006 12 11  1.9552
2006 12 12  1.9655
2006 12 13  1.9663
2006 12 14  1.9646
2006 12 15  1.9538
2006 12 18  1.9458
2006 12 19  1.9666
2006 12 20  1.9648
2006 12 21  1.9622
2006 12 22  1.9570
2006 12 26  1.9568
2006 12 27  1.9566
2006 12 28  1.9621
2006 12 29  1.9586
2007 01 02  1.9736
2007 01 03  1.9498
2007 01 04  1.9443
2007 01 05  1.9305
2007 01 08  1.9385
2007 01 09  1.9400
2007 01 10  1.9334
2007 01 11  1.9439
2007 01 12  1.9577
2007 01 16  1.9605
2007 01 17  1.9720
2007 01 18  1.9715
2007 01 19  1.9759
2007 01 22  1.9772
2007 01 23  1.9847
2007 01 24  1.9675
2007 01 25  1.9703
2007 01 26  1.9598
2007 01 29  1.9592
2007 01 30  1.9617
2007 01 31  1.9611
2007 02 01  1.9686
2007 02 02  1.9662
2007 02 05  1.9600
2007 02 06  1.9693
2007 02 07  1.9699
2007 02 08  1.9586
2007 02 09  1.9512
2007 02 12  1.9474
2007 02 13  1.9443
2007 02 14  1.9628
2007 02 15  1.9532
2007 02 16  1.9499
2007 02 20  1.9547
2007 02 21  1.9524
2007 02 22  1.9571
2007 02 23  1.9639
2007 02 26  1.9631
2007 02 27  1.9661
2007 02 28  1.9613
2007 03 01  1.9579
2007 03 02  1.9458
2007 03 05  1.9235
2007 03 06  1.9270
2007 03 07  1.9315
2007 03 08  1.9300
2007 03 09  1.9318
2007 03 12  1.9291
2007 03 13  1.9322
2007 03 14  1.9337
2007 03 15  1.9365
2007 03 16  1.9423
2007 03 19  1.9460
2007 03 20  1.9580
2007 03 21  1.9596
2007 03 22  1.9672
2007 03 23  1.9632
2007 03 26  1.9694
2007 03 27  1.9664
2007 03 28  1.9611
2007 03 29  1.9627
2007 03 30  1.9685
2007 04 02  1.9786
2007 04 03  1.9781
2007 04 04  1.9756
2007 04 05  1.9708
2007 04 06  1.9655
2007 04 09  1.9608
2007 04 10  1.9718
2007 04 11  1.9786
2007 04 12  1.9769
2007 04 13  1.9829
2007 04 16  1.9907
2007 04 17  2.0061
2007 04 18  2.0041
2007 04 19  2.0029
2007 04 20  2.0047
2007 04 23  2.0017
2007 04 24  2.0028
2007 04 25  2.0042
2007 04 26  1.9903
2007 04 27  1.9985
2007 04 30  2.0000
2007 05 01  1.9993
2007 05 02  1.9910
2007 05 03  1.9878
2007 05 04  1.9931
2007 05 07  1.9944
2007 05 08  1.9902
2007 05 09  1.9963
2007 05 10  1.9833
2007 05 11  1.9824
2007 05 14  1.9803
2007 05 15  1.9862
2007 05 16  1.9774
2007 05 17  1.9748
2007 05 18  1.9755
2007 05 21  1.9695
2007 05 22  1.9768
2007 05 23  1.9879
2007 05 24  1.9852
2007 05 25  1.9845
2007 05 29  1.9814
2007 05 30  1.9747
2007 05 31  1.9797
2007 06 01  1.9804
2007 06 04  1.9922
2007 06 05  1.9941
2007 06 06  1.9915
2007 06 07  1.9798
2007 06 08  1.9657
2007 06 11  1.9686
2007 06 12  1.9750
2007 06 13  1.9728
2007 06 14  1.9696
2007 06 15  1.9765
2007 06 18  1.9822
2007 06 19  1.9884
2007 06 20  1.9937
2007 06 21  1.9924
2007 06 22  1.9975
2007 06 25  1.9962
2007 06 26  1.9997
2007 06 27  1.9965
2007 06 28  2.0022
2007 06 29  2.0063
2007 07 02  2.0161
2007 07 03  2.0168
2007 07 05  2.0114
2007 07 06  2.0119
2007 07 09  2.0166
2007 07 10  2.0248
2007 07 11  2.0320
2007 07 12  2.0288
2007 07 13  2.0344
2007 07 16  2.0374
2007 07 17  2.0455
2007 07 18  2.0534
2007 07 19  2.0490
2007 07 20  2.0566
2007 07 23  2.0585
2007 07 24  2.0626
2007 07 25  2.0511
2007 07 26  2.0488
2007 07 27  2.0290
2007 07 30  2.0238
2007 07 31  2.0364
2007 08 01  2.0309
2007 08 02  2.0346
2007 08 03  2.0426
2007 08 06  2.0293
2007 08 07  2.0202
2007 08 08  2.0368
2007 08 09  2.0271
2007 08 10  2.0219
2007 08 13  2.0123
2007 08 14  2.0000
2007 08 15  1.9923
2007 08 16  1.9829
2007 08 17  1.9828
2007 08 20  1.9830
2007 08 21  1.9813
2007 08 22  1.9916
2007 08 23  2.0035
2007 08 24  2.0099
2007 08 27  2.0134
2007 08 28  2.0065
2007 08 29  2.0182
2007 08 30  2.0160
2007 08 31  2.0165
2007 09 03  2.0165
2007 09 04  2.0109
2007 09 05  2.0221
2007 09 06  2.0242
2007 09 07  2.0283
2007 09 10  2.0288
2007 09 11  2.0319
2007 09 12  2.0314
2007 09 13  2.0278
2007 09 14  2.0067
2007 09 17  1.9920
2007 09 18  1.9973
2007 09 19  1.9983
2007 09 20  2.0132
2007 09 21  2.0208
2007 09 24  2.0222
2007 09 25  2.0169
2007 09 26  2.0159
2007 09 27  2.0235
2007 09 28  2.0389
2007 10 01  2.0436
2007 10 02  2.0417
2007 10 03  2.0369
2007 10 04  2.0392
2007 10 05  2.0436
2007 10 08  2.0436
2007 10 09  2.0331
2007 10 10  2.0432
2007 10 11  2.0342
2007 10 12  2.0340
2007 10 15  2.0419
2007 10 16  2.0327
2007 10 17  2.0387
2007 10 18  2.0457
2007 10 19  2.0484
2007 10 22  2.0279
2007 10 23  2.0495
2007 10 24  2.0491
2007 10 25  2.0485
2007 10 26  2.0514
2007 10 29  2.0609
2007 10 30  2.0671
2007 10 31  2.0777
2007 11 01  2.0818
2007 11 02  2.0820
2007 11 05  2.0799
2007 11 06  2.0859
2007 11 07  2.1045
2007 11 08  2.1104
2007 11 09  2.0911
2007 11 13  2.0729
2007 11 14  2.0586
2007 11 15  2.0483
2007 11 16  2.0480
2007 11 19  2.0478
2007 11 20  2.0652
2007 11 21  2.0585
2007 11 22  2.0585
2007 11 23  2.0564
2007 11 26  2.0681
2007 11 27  2.0653
2007 11 28  2.0688
2007 11 29  2.0642
2007 11 30  2.0567
2007 12 03  2.0658
2007 12 04  2.0577
2007 12 05  2.0288
2007 12 06  2.0289
2007 12 07  2.0289
2007 12 10  2.0457
2007 12 11  2.0387
2007 12 12  2.0494
2007 12 13  2.0395
2007 12 14  2.0197
2007 12 17  2.0168
2007 12 18  2.0140
2007 12 19  1.9931
2007 12 20  1.9821
2007 12 21  1.9833
2007 12 24  1.9774
2007 12 26  1.9833
2007 12 27  1.9907
2007 12 28  1.9929
2007 12 31  1.9843
2008 01 02  1.9824
2008 01 03  1.9733
2008 01 04  1.9757
2008 01 07  1.9703
2008 01 08  1.9731
2008 01 09  1.9564
2008 01 10  1.9565
2008 01 11  1.9592
2008 01 14  1.9583
2008 01 15  1.9671
2008 01 16  1.9638
2008 01 17  1.9744
2008 01 18  1.9529
2008 01 22  1.9577
2008 01 23  1.9515
2008 01 24  1.9733
2008 01 25  1.9802
2008 01 28  1.9857
2008 01 29  1.9857
2008 01 30  1.9880
2008 01 31  1.9895
2008 02 01  1.9687
2008 02 04  1.9777
2008 02 05  1.9626
2008 02 06  1.9604
2008 02 07  1.9420
2008 02 08  1.9473
2008 02 11  1.9486
2008 02 12  1.9622
2008 02 13  1.9618
2008 02 14  1.9708
2008 02 15  1.9613
2008 02 19  1.9511
2008 02 20  1.9405
2008 02 21  1.9614
2008 02 22  1.9668
2008 02 25  1.9668
2008 02 26  1.9747
2008 02 27  1.9923
2008 02 28  1.9879
2008 02 29  1.9864
2008 03 03  1.9850
2008 03 04  1.9854
2008 03 05  1.9939
2008 03 06  2.0073
2008 03 07  2.0128
2008 03 10  2.0166
2008 03 11  2.0041
2008 03 12  2.0211
2008 03 13  2.0311
2008 03 14  2.0294
2008 03 17  2.0008
2008 03 18  2.0216
2008 03 19  1.9858
2008 03 20  1.9823
2008 03 21  1.9826
2008 03 24  1.9852
2008 03 25  1.9997
2008 03 26  2.0019
2008 03 27  2.0097
2008 03 28  1.9890
2008 03 31  1.9855
2008 04 01  1.9774
2008 04 02  1.9827
2008 04 03  1.9961
2008 04 04  1.9947
2008 04 07  1.9855
2008 04 08  1.9690
2008 04 09  1.9726
2008 04 10  1.9742
2008 04 11  1.9707
2008 04 14  1.9816
2008 04 15  1.9627
2008 04 16  1.9756
2008 04 17  1.9908
2008 04 18  1.9965
2008 04 21  1.9813
2008 04 22  1.9994
2008 04 23  1.9786
2008 04 24  1.9716
2008 04 25  1.9833
2008 04 28  1.9908
2008 04 29  1.9747
2008 04 30  1.9847
2008 05 01  1.9749
2008 05 02  1.9756
2008 05 05  1.9679
2008 05 06  1.9747
2008 05 07  1.9522
2008 05 08  1.9543
2008 05 09  1.9486
2008 05 12  1.9616
2008 05 13  1.9470
2008 05 14  1.9451
2008 05 15  1.9488
2008 05 16  1.9580
2008 05 19  1.9472
2008 05 20  1.9705
2008 05 21  1.9669
2008 05 22  1.9785
2008 05 23  1.9818
2008 05 27  1.9751
2008 05 28  1.9806
2008 05 29  1.9759
2008 05 30  1.9793
2008 06 02  1.9666
2008 06 03  1.9650
2008 06 04  1.9548
2008 06 05  1.9563
2008 06 06  1.9695
2008 06 09  1.9758
2008 06 10  1.9543
2008 06 11  1.9646
2008 06 12  1.9467
2008 06 13  1.9496
2008 06 16  1.9637
2008 06 17  1.9544
2008 06 18  1.9570
2008 06 19  1.9729
2008 06 20  1.9737
2008 06 23  1.9609
2008 06 24  1.9707
2008 06 25  1.9672
2008 06 26  1.9873
2008 06 27  1.9938
2008 06 30  1.9906
2008 07 01  1.9930
2008 07 02  1.9925
2008 07 03  1.9825
2008 07 07  1.9697
2008 07 08  1.9685
2008 07 09  1.9812
2008 07 10  1.9777
2008 07 11  1.9895
2008 07 14  1.9925
2008 07 15  2.0036
2008 07 16  1.9995
2008 07 17  2.0038
2008 07 18  1.9985
2008 07 21  1.9979
2008 07 22  1.9941
2008 07 23  2.0021
2008 07 24  1.9832
2008 07 25  1.9880
2008 07 28  1.9943
2008 07 29  1.9805
2008 07 30  1.9810
2008 07 31  1.9806
2008 08 01  1.9743
2008 08 04  1.9606
2008 08 05  1.9532
2008 08 06  1.9479
2008 08 07  1.9439
2008 08 08  1.9193
2008 08 11  1.9144
2008 08 12  1.9005
2008 08 13  1.8682
2008 08 14  1.8715
2008 08 15  1.8651
2008 08 18  1.8673
2008 08 19  1.8655
2008 08 20  1.8603
2008 08 21  1.8758
2008 08 22  1.8544
2008 08 25  1.8587
2008 08 26  1.8387
2008 08 27  1.8318
2008 08 28  1.8264
2008 08 29  1.8190
2008 09 02  1.7853
2008 09 03  1.7795
2008 09 04  1.7689
2008 09 05  1.7687
2008 09 08  1.7543
2008 09 09  1.7672
2008 09 10  1.7547
2008 09 11  1.7497
2008 09 12  1.7896
2008 09 15  1.7877
2008 09 16  1.7802
2008 09 17  1.7895
2008 09 18  1.8186
2008 09 19  1.8297
2008 09 22  1.8484
2008 09 23  1.8558
2008 09 24  1.8502
2008 09 25  1.8406
2008 09 26  1.8400
2008 09 29  1.8044
2008 09 30  1.7804
2008 10 01  1.7804
2008 10 02  1.7655
2008 10 03  1.7740
2008 10 06  1.7380
2008 10 07  1.7592
2008 10 08  1.7310
2008 10 09  1.7225
2008 10 10  1.7037
2008 10 14  1.7482
2008 10 15  1.7432
2008 10 16  1.7243
2008 10 17  1.7307
2008 10 20  1.7134
2008 10 21  1.6837
2008 10 22  1.6174
2008 10 23  1.6181
2008 10 24  1.5631
2008 10 27  1.5472
2008 10 28  1.5591
2008 10 29  1.6298
2008 10 30  1.6270
2008 10 31  1.6165
2008 11 03  1.5855
2008 11 04  1.6095
2008 11 05  1.6156
2008 11 06  1.5814
2008 11 07  1.5788
2008 11 10  1.5639
2008 11 12  1.5012
2008 11 13  1.4799
2008 11 14  1.4860
2008 11 17  1.5030
2008 11 18  1.5042
2008 11 19  1.5095
2008 11 20  1.4789
2008 11 21  1.4816
2008 11 24  1.5177
2008 11 25  1.5349
2008 11 26  1.5218
2008 11 28  1.5348
2008 12 01  1.4840
2008 12 02  1.4949
2008 12 03  1.4783
2008 12 04  1.4791
2008 12 05  1.4606
2008 12 08  1.4831
2008 12 09  1.4776
2008 12 10  1.4830
2008 12 11  1.4953
2008 12 12  1.4874
2008 12 15  1.5278
2008 12 16  1.5320
2008 12 17  1.5457
2008 12 18  1.5103
2008 12 19  1.4854
2008 12 22  1.4805
2008 12 23  1.4761
2008 12 24  1.4673
2008 12 26  1.4700
2008 12 29  1.4591
2008 12 30  1.4395
2008 12 31  1.4619
2009 01 02  1.4520
2009 01 05  1.4602
2009 01 06  1.4777
2009 01 07  1.5254
2009 01 08  1.5190
2009 01 09  1.5239
2009 01 12  1.4827
2009 01 13  1.4528
2009 01 14  1.4617
2009 01 15  1.4602
2009 01 16  1.4737
2009 01 20  1.4023
2009 01 21  1.3728
2009 01 22  1.3840
2009 01 23  1.3658
2009 01 26  1.3960
2009 01 27  1.4148
2009 01 28  1.4317
2009 01 29  1.4262
2009 01 30  1.4413
2009 02 02  1.4228
2009 02 03  1.4394
2009 02 04  1.4472
2009 02 05  1.4633
2009 02 06  1.4775
2009 02 09  1.4936
2009 02 10  1.4604
2009 02 11  1.4367
2009 02 12  1.4248
2009 02 13  1.4422
2009 02 17  1.4224
2009 02 18  1.4235
2009 02 19  1.4307
2009 02 20  1.4333
2009 02 23  1.4553
2009 02 24  1.4408
2009 02 25  1.4265
2009 02 26  1.4342
2009 02 27  1.4276
2009 03 02  1.3989
2009 03 03  1.4034
2009 03 04  1.4142
2009 03 05  1.4124
2009 03 06  1.4110
2009 03 09  1.3757
2009 03 10  1.3840
2009 03 11  1.3780
2009 03 12  1.3811
2009 03 13  1.3972
2009 03 16  1.4091
2009 03 17  1.4018
2009 03 18  1.3974
2009 03 19  1.4584
2009 03 20  1.4435
2009 03 23  1.4496
2009 03 24  1.4730
2009 03 25  1.4585
2009 03 26  1.4497
2009 03 27  1.4325
