date             gm           vw            ew            sp
19750131       0.252033      0.141600      0.299260      0.122812
19750228       0.028571      0.058411      0.053918      0.059886
19750331       0.054487      0.030191      0.081497      0.021694
19750430       0.045593      0.046497      0.031093      0.047265
19750530       0.037209      0.055140      0.072876      0.044101
19750630       0.107955      0.051473      0.071792      0.044323
19750731       0.053846     -0.060385     -0.008960     -0.067654
19750829      -0.029684     -0.023557     -0.048118     -0.021070
19750930       0.015228     -0.038010     -0.038867     -0.034645
19751031       0.107500      0.055857      0.014720      0.061643
19751128       0.037923      0.031223      0.016796      0.024708
19751231       0.013187     -0.010998     -0.000599     -0.011508
19760130       0.104121      0.126011      0.190037      0.118306
19760227       0.044794      0.007314      0.106291     -0.011402
19760331       0.064516      0.026799      0.018109      0.030689
19760430       0.012478     -0.010389     -0.003810     -0.010995
19760528      -0.017958     -0.009369     -0.019680     -0.014364
19760630      -0.001821      0.044487      0.026510      0.040926
19760730      -0.003650     -0.006158      0.002236     -0.008055
19760831       0.006960     -0.001434     -0.016673     -0.005124
19760930       0.081031      0.024484      0.016990      0.022641
19761029       0.006814     -0.020372     -0.022586     -0.022235
19761130       0.006768      0.005364      0.026686     -0.007775
19761231       0.099825      0.061591      0.102410      0.052498
19770131      -0.049363     -0.036337      0.036903     -0.050530
19770228      -0.040536     -0.015760      0.004400     -0.021660
19770331      -0.056537     -0.009246      0.010654     -0.014025
19770429       0.024345      0.004952      0.016931      0.000203
19770531       0.001463     -0.010785      0.002870     -0.023568
19770630       0.041276      0.051367      0.051503      0.045360
19770729      -0.018018     -0.012810      0.012362     -0.016222
19770831       0.006972     -0.013352     -0.001233     -0.021042
19770930       0.042435      0.001574      0.014968     -0.002480
19771031      -0.047788     -0.039280     -0.023190     -0.043406
19771130      -0.000000      0.045432      0.070872      0.026966
19771230      -0.017578      0.008218      0.021081      0.002847
19780131      -0.073559     -0.055202     -0.011152     -0.061514
19780228       0.019313     -0.009275      0.026008     -0.024762
19780331       0.053533      0.034013      0.067839      0.024931
19780428       0.065041      0.082841      0.079317      0.085416
19780531      -0.045802      0.023238      0.067620      0.004234
19780630      -0.026639     -0.010751      0.010292     -0.017585
19780731       0.050526      0.056749      0.052394      0.053910
19780831       0.014028      0.042352      0.093545      0.025924
19780929       0.014056     -0.006891      0.006200     -0.007261
19781031      -0.073267     -0.110997     -0.177280     -0.091574
19781130      -0.012821      0.033792      0.038205      0.016640
19781229      -0.027149      0.017710      0.014346      0.014889
19790131       0.048837      0.049489      0.093661      0.039746
19790228      -0.031042     -0.026766     -0.016269     -0.036526
19790330       0.060606      0.065618      0.084167      0.055152
19790430       0.026374      0.008522      0.028814      0.001673
19790531       0.017559     -0.013576     -0.006845     -0.026336
19790629       0.028139      0.046850      0.054663      0.038656
19790731      -0.025263      0.014991      0.021366      0.008746
19790831       0.054428      0.064728      0.075616      0.053078
19790928       0.043841      0.001428     -0.001172      0.000000
19791031      -0.116000     -0.072660     -0.097915     -0.068606
19791130      -0.056561      0.063603      0.065295      0.042624
19791231      -0.012346      0.028212      0.067485      0.016767
19800131       0.097500      0.065607      0.105129      0.057625
19800229      -0.056492      0.001015     -0.006301     -0.004380
19800331      -0.088889     -0.120224     -0.165043     -0.101795
19800430      -0.013550      0.052288      0.053461      0.041140
19800530      -0.003297      0.060090      0.071249      0.046571
19800630       0.039106      0.037714      0.046176      0.026969
19800731       0.126344      0.069438      0.089279      0.065039
19800829       0.032936      0.023553      0.063984      0.005835
19800930      -0.014019      0.029495      0.052459      0.025168
19801031      -0.068720      0.020079      0.047525      0.016021
19801128      -0.084478      0.104920      0.069205      0.102377
19801231       0.014085     -0.034407     -0.032416     -0.033874
19810130       0.022222     -0.040108      0.005615     -0.045742
19810227       0.102717      0.015523      0.002150      0.013277
19810331       0.054863      0.046184      0.072674      0.036033
19810430       0.021277     -0.011257      0.027885     -0.023456
19810529       0.041204      0.013553      0.027187     -0.001657
19810630      -0.047191     -0.010229     -0.013194     -0.010408
19810731      -0.030660     -0.003073     -0.019980     -0.002210
19810831      -0.085645     -0.056279     -0.071906     -0.062099
19810930      -0.037736     -0.063767     -0.090061     -0.053832
19811030      -0.182073      0.060177      0.069728      0.049148
19811130       0.030137      0.045850      0.021667      0.036590
19811231       0.040541     -0.028096     -0.019694     -0.030075
19820129      -0.012987     -0.026207     -0.017347     -0.017544
19820226      -0.010526     -0.051125     -0.047987     -0.060548
19820331       0.108108     -0.010094     -0.012064     -0.010167
19820430       0.018293      0.043267      0.052242      0.040014
19820528       0.041317     -0.028212     -0.022490     -0.039162
19820630       0.040816     -0.023912     -0.036699     -0.020290
19820730      -0.042017     -0.020526     -0.014776     -0.022991
19820831       0.145614      0.119013      0.063285      0.115977
19820930      -0.036176      0.016761      0.033164      0.007614
19821029       0.217158      0.118636      0.128447      0.110364
19821130       0.065639      0.051935      0.092037      0.036123
19821231       0.041754      0.014516      0.023447      0.015158
19830131       0.014028      0.041850      0.117062      0.033134
19830228      -0.018182      0.030218      0.047266      0.018995
19830331      -0.034553      0.034673      0.050515      0.033095
19830429       0.153684      0.074188      0.080687      0.074922
19830531      -0.033212      0.013224      0.091740     -0.012346
19830630       0.108571      0.037837      0.046341      0.035224
19830729       0.012027     -0.031567     -0.017556     -0.033014
19830831      -0.037691      0.003464     -0.032920      0.011319
19830930       0.048043      0.016059      0.000051      0.010158
19831031       0.052632     -0.028049     -0.059273     -0.015174
19831130      -0.048387      0.029556      0.031713      0.017426
19831230       0.022337     -0.010464     -0.019672     -0.008834
19840131      -0.025210     -0.013023      0.005424     -0.009216
19840229      -0.032759     -0.039073     -0.050767     -0.038859
19840330      -0.059675      0.013389      0.007449      0.013498
19840430       0.028846      0.002534     -0.020524      0.005466
19840531      -0.050467     -0.052342     -0.051570     -0.059356
19840629       0.050201      0.023385      0.011996      0.017469
19840731       0.057361     -0.020621     -0.050303     -0.016451
19840831       0.081374      0.112689      0.088817      0.106332
19840928       0.049320      0.000404     -0.000377     -0.003480
19841031       0.038898     -0.000074     -0.023756     -0.000060
19841130      -0.030774     -0.010685     -0.031506     -0.015112
19841231       0.050251      0.023656      0.002732      0.022374
19850131       0.060606      0.085718      0.121473      0.074085
19850228      -0.028571      0.016896      0.046017      0.008685
19850329      -0.081761     -0.001747     -0.003526     -0.002925
19850430      -0.073630     -0.002186     -0.009646     -0.004594
19850531       0.077634      0.055775      0.022235      0.054051
19850628       0.005236      0.017091      0.002100      0.012134
19850731      -0.017361     -0.000251      0.021411     -0.004848
19850830      -0.030035     -0.004795     -0.002204     -0.011995
19850930      -0.005566     -0.039825     -0.056852     -0.034724
19851031      -0.003731      0.044441      0.017645      0.042509
19851129       0.069288      0.069228      0.052572      0.065062
19851231       0.030838      0.043061      0.028004      0.045061
19860131       0.051510      0.009829      0.044056      0.002367
19860228       0.067568      0.072500      0.060388      0.071489
19860331       0.109325      0.053885      0.047201      0.052794
19860430      -0.072464     -0.007900      0.016154     -0.014148
19860530       0.012500      0.050844      0.036194      0.050229
19860630      -0.026646      0.014246      0.008087      0.014110
19860731      -0.122383     -0.059700     -0.073128     -0.058683
19860829       0.075229      0.066181      0.023269      0.071193
19860930      -0.059028     -0.079021     -0.059071     -0.085439
19861031       0.049815      0.049303      0.023777      0.054729
19861128       0.042179      0.015093     -0.006263      0.021477
19861231      -0.094340     -0.026388     -0.034609     -0.028288
19870130       0.140152      0.128496      0.117565      0.131767
19870227       0.008306      0.047918      0.074612      0.036924
19870331       0.046901      0.023664      0.036313      0.026390
19870430       0.152000     -0.017001     -0.017673     -0.011450
19870529      -0.038889      0.005125      0.000573      0.006034
19870630      -0.030792      0.043662      0.021475      0.047915
19870731       0.075643      0.044248      0.035128      0.048224
19870831       0.049226      0.037146      0.014528      0.034959
19870930      -0.097826     -0.020774     -0.015876     -0.024166
19871030      -0.295181     -0.225363     -0.272248     -0.217630
19871130      -0.014957     -0.072273     -0.050850     -0.085349
19871231       0.088692      0.070327      0.026065      0.072861
19880129       0.071283      0.044880      0.077392      0.040432
19880229       0.117871      0.051695      0.060265      0.041817
19880331      -0.012111     -0.016598      0.035690     -0.033343
19880429       0.050788      0.010991      0.014016      0.009425
19880531       0.018333      0.000448     -0.017671      0.003176
19880630       0.066556      0.051460      0.047677      0.043256
19880729       0.000000     -0.007272      0.000289     -0.005411
19880831      -0.074883     -0.028006     -0.025001     -0.038600
19880930       0.029160      0.037202      0.016951      0.039729
19881031       0.111667      0.017637     -0.011485      0.025964
19881130       0.025487     -0.016412     -0.036484     -0.018891
19881230      -0.008902      0.021075      0.018872      0.014688
19890131       0.094311      0.066103      0.062124      0.071115
19890228      -0.049248     -0.016446      0.002988     -0.028944
19890331      -0.027818      0.021465      0.018060      0.020806
19890428       0.000000      0.048204      0.029089      0.050090
19890531      -0.009036      0.039338      0.025054      0.035138
19890630       0.034056     -0.004866     -0.007744     -0.007925
19890731       0.074850      0.077131      0.031017      0.088370
19890831       0.108635      0.022127      0.018626      0.015517
19890929      -0.048469     -0.001474      0.005532     -0.006544
19891031      -0.048257     -0.029281     -0.049934     -0.025175
19891130       0.005634      0.017815     -0.005800      0.016541
19891229      -0.037037      0.018295     -0.012375      0.021417
19900131      -0.014793     -0.070115     -0.046408     -0.068817
19900228       0.096096      0.014901      0.015434      0.008539
19900330       0.022284      0.024140      0.021315      0.024255
19900430      -0.035422     -0.028286     -0.028117     -0.026887
19900531       0.115819      0.088936      0.045675      0.091989
19900629      -0.020566     -0.004196      0.005359     -0.008886
19900731      -0.020997     -0.009405     -0.025732     -0.005223
19900831      -0.131367     -0.091896     -0.108911     -0.094314
19900928      -0.088050     -0.053843     -0.080468     -0.051184
19901031       0.013793     -0.012504     -0.057155     -0.006698
19901130       0.013605      0.065744      0.035468      0.059934
19901231      -0.058219      0.029513     -0.004526      0.024828
19910131       0.054545      0.049078      0.084175      0.041518
19910228       0.100690      0.075847      0.133898      0.067281
19910328      -0.044304      0.028923      0.078293      0.022203
19910430      -0.052980      0.003322      0.031962      0.000346
19910531       0.217483      0.040732      0.031385      0.038577
19910628      -0.055072     -0.044029     -0.031773     -0.047893
19910731      -0.024540      0.046795      0.034202      0.044859
19910830      -0.033962      0.026819      0.027507      0.019649
19910930      -0.016447     -0.010975      0.008131     -0.019144
19911031      -0.060201      0.017789      0.024639      0.011860
19911129      -0.113167     -0.037275     -0.023735     -0.043928
19911231      -0.060976      0.106778      0.035353      0.111588
19920131       0.121212     -0.001182      0.149970     -0.019900
19920228       0.170656      0.013354      0.052124      0.009565
19920331      -0.023333     -0.023700     -0.014169     -0.021832
19920430       0.133106      0.013419     -0.033262      0.027893
19920529      -0.039157      0.006439      0.005678      0.000964
19920630       0.113480     -0.019287     -0.039215     -0.017359
19920731      -0.053977      0.039900      0.027617      0.039374
19920831      -0.158559     -0.020822     -0.023900     -0.023998
19920930      -0.072202      0.012449      0.011050      0.009106
19921030      -0.042802      0.010986      0.016224      0.002106
19921130       0.055285      0.040193      0.066686      0.030262
19921231       0.000000      0.017773      0.035678      0.010108
19930129       0.170543      0.012643      0.067612      0.007046
19930226      -0.007947      0.005402     -0.007198      0.010484
19930331       0.010067      0.025075      0.031411      0.018697
19930430       0.086379     -0.025400     -0.011112     -0.025417
19930528      -0.013456      0.029598      0.038740      0.022717
19930630       0.109034      0.005440      0.013419      0.000755
19930730       0.089888     -0.000795      0.013719     -0.005327
19930831      -0.029381      0.039478      0.039698      0.034432
19930930      -0.109333      0.000641      0.025507     -0.009988
19931029       0.140719      0.018065      0.040518      0.019393
19931130       0.111811     -0.017606     -0.024467     -0.012911
19931231       0.040284      0.019513      0.016190      0.010091
19940131       0.116173      0.031467      0.049166      0.032501
19940228      -0.045714     -0.024218     -0.009952     -0.030045
19940331      -0.075107     -0.045797     -0.045962     -0.045746
19940429       0.053364      0.009476     -0.011728      0.011531
19940531      -0.049339      0.009359     -0.000831      0.012419
19940630      -0.065116     -0.027909     -0.028182     -0.026812
19940729       0.022388      0.030632      0.015778      0.031467
19940831      -0.018005      0.042598      0.036756      0.037643
19940930      -0.067164     -0.018364      0.004865     -0.026898
19941031      -0.157333      0.014520     -0.003305      0.020834
19941130      -0.029747     -0.037218     -0.040741     -0.039505
19941230       0.104918      0.012608     -0.013424      0.012299
19950131      -0.077151      0.020400      0.027860      0.024278
19950228       0.101608      0.039613      0.028369      0.036074
19950331       0.032258      0.027041      0.019518      0.027329
19950428       0.025568      0.025048      0.026976      0.027960
19950531       0.070360      0.034007      0.020270      0.036312
19950630      -0.023438      0.031173      0.049917      0.021279
19950731       0.040000      0.040783      0.054708      0.031776
19950831      -0.027179      0.009306      0.032043     -0.000320
19950929      -0.005305      0.036362      0.026400      0.040098
19951031      -0.066667     -0.011318     -0.041473     -0.004979
19951130       0.115429      0.042705      0.016659      0.041049
19951229       0.090206      0.015190      0.008928      0.017444
19960131      -0.004728      0.028146      0.034657      0.032617
19960229      -0.018527      0.016309      0.032305      0.006934
19960329       0.039024      0.010929      0.024085      0.007917
19960430       0.018779      0.025509      0.058049      0.013431
19960531       0.023502      0.026800      0.062615      0.022853
19960628      -0.049887     -0.008299     -0.032167      0.002257
19960731      -0.069212     -0.053819     -0.079602     -0.045748
19960830       0.026154      0.032464      0.045634      0.018814
19960930      -0.032746      0.053014      0.028753      0.054173
19961031       0.117188      0.013632     -0.020842      0.026131
19961129       0.082051      0.065501      0.024696      0.073376
19961231      -0.032538     -0.011358     -0.002604     -0.021505
19970131       0.058296      0.053449      0.063831      0.061317
19970228      -0.010593     -0.001144     -0.010299      0.005928
19970331      -0.043197     -0.044820     -0.049224     -0.042614
19970430       0.045147      0.042303     -0.021596      0.058406
19970530       0.000000      0.071624      0.085194      0.058577
19970630      -0.028322      0.044145      0.043145      0.043453
19970731       0.109865      0.076503      0.048824      0.078123
19970829       0.022222     -0.036267      0.027605     -0.057446
19970930       0.066733      0.058433      0.081737      0.053154
19971031      -0.041083     -0.034528     -0.026145     -0.034478
19971128      -0.042843      0.030458     -0.022063      0.044587
19971231       0.058036      0.017771     -0.023875      0.015732
19980130      -0.046296      0.004529      0.015367      0.010150
19980227       0.198490      0.073230      0.060451      0.070449
19980331      -0.017226      0.051322      0.046884      0.049946
19980430      -0.005535      0.010862      0.023243      0.009076
19980529       0.074212     -0.025755     -0.042571     -0.018826
19980630      -0.070435      0.031954     -0.029149      0.039438
19980731       0.082320     -0.023264     -0.050546     -0.011615
19980831      -0.189283     -0.157667     -0.196383     -0.145797
19980930      -0.055914      0.063836      0.043245      0.062396
19981030       0.151481      0.074357      0.037827      0.080294
19981130       0.113749      0.061986      0.075912      0.059126
19981231       0.024150      0.063053      0.018861      0.056375
19990129       0.254148      0.038346      0.064848      0.041009
19990226      -0.074513     -0.038105     -0.042172     -0.032283
19990331       0.054353      0.037862     -0.001373      0.038794
19990430       0.023707      0.049000      0.083900      0.037944
19990528      -0.071253     -0.020720      0.025134     -0.024970
19990630      -0.043478      0.051020      0.038392      0.054438
19990730      -0.073864     -0.030635      0.007271     -0.032046
19990831       0.092025     -0.009983     -0.030607     -0.006254
19990930      -0.050000     -0.022867     -0.014250     -0.028552
19991029       0.119166      0.062048     -0.001351      0.062539
19991130       0.029281      0.036856      0.091409      0.019062
19991231       0.009549      0.083925      0.084830      0.057844
20000131       0.108341     -0.039753      0.050610     -0.050904
20000229      -0.049651      0.031770      0.120436     -0.020108
20000331       0.088743      0.053552     -0.000429      0.096720
20000428       0.130566     -0.059467     -0.088504     -0.030796
20000531      -0.240320     -0.039047     -0.057324     -0.021915
20000630      -0.177876      0.051649      0.079240      0.023934
20000731      -0.019376     -0.017105     -0.019355     -0.016341
20000831       0.276619      0.075811      0.059257      0.060699
20000929      -0.099567     -0.051139     -0.040102     -0.053483
20001031      -0.044231     -0.024564     -0.066807     -0.004949
20001130      -0.195171     -0.102546     -0.118559     -0.080069
20001229       0.029040      0.020346     -0.007035      0.004053
20010131       0.054233      0.039533      0.225012      0.034637
20010228       0.002235     -0.099267     -0.074508     -0.092291
20010330      -0.027569     -0.070290     -0.072716     -0.064205
20010430       0.057088      0.083904      0.076441      0.076814
20010531       0.047254      0.010561      0.062217      0.005090
20010629       0.130931     -0.017481      0.007720     -0.025004
20010731      -0.011655     -0.018321     -0.028407     -0.010772
20010831      -0.131289     -0.059080     -0.035009     -0.064108
20010928      -0.216438     -0.091540     -0.127801     -0.081723
20011031      -0.036830      0.027967      0.078103      0.018099
20011130       0.214908      0.078734      0.080809      0.075176
20011231      -0.022133      0.017841      0.057742      0.007574
20020131       0.052263     -0.016060      0.018185     -0.015574
20020228       0.045757     -0.021705     -0.033060     -0.020766
20020328       0.140997      0.044693      0.074666      0.036739
20020430       0.061208     -0.049649     -0.003169     -0.061418
20020531      -0.023383     -0.010458     -0.015511     -0.009081
20020628      -0.139984     -0.070243     -0.067310     -0.072465
20020731      -0.129093     -0.081137     -0.107499     -0.078995
20020830       0.038883      0.007984      0.006339      0.004881
20020930      -0.187213     -0.099975     -0.084490     -0.110013
20021031      -0.145244      0.074958      0.042772      0.086436
20021129       0.209023      0.061276      0.117775      0.057070
20021231      -0.071537     -0.053309     -0.040159     -0.060333
20030131      -0.014379     -0.023430      0.006068     -0.027415
20030228      -0.056702     -0.015408     -0.021423     -0.017004
20030331      -0.004442      0.010333      0.009434      0.008358
20030430       0.072278      0.082797      0.098222      0.081044
20030530      -0.006103      0.063507      0.133177      0.050899
20030630       0.018964      0.016332      0.049741      0.011322
20030731       0.039722      0.023130      0.061927      0.016224
20030829       0.111408      0.024908      0.047429      0.017873
20030930      -0.004136     -0.009102      0.025239     -0.011944
20031031       0.042512      0.060331      0.080930      0.054962
20031128       0.014296      0.016607      0.038147      0.007129
20031231       0.248247      0.045532      0.038915      0.050765
20040130      -0.069663      0.023064      0.065762      0.017276
20040227      -0.021337      0.015467      0.013720      0.012209
20040331      -0.021197     -0.010685      0.006293     -0.016359
20040430       0.006794     -0.024230     -0.043590     -0.016791
20040528      -0.032265      0.014127      0.002592      0.012083
20040630       0.026438      0.021563      0.022729      0.017989
20040730      -0.074050     -0.037681     -0.051082     -0.034291
20040831      -0.030830      0.002714     -0.004725      0.002287
20040930       0.028322      0.020555      0.041594      0.009364
20041029      -0.092514      0.017810      0.020836      0.014014
20041130       0.014008      0.048243      0.079929      0.038595
20041231       0.038093      0.035180      0.052920      0.032458
20050131      -0.081128     -0.026557     -0.029278     -0.025290
20050228      -0.017930      0.022695      0.016636      0.018903
20050331      -0.175596     -0.016937     -0.031835     -0.019118
20050429      -0.092208     -0.025182     -0.046509     -0.020109
20050531       0.200525      0.037916      0.043808      0.029952
20050630       0.078338      0.011531      0.032155     -0.000143
20050729       0.082941      0.043331      0.058745      0.035968
20050831      -0.057849     -0.005943     -0.007217     -0.011222
20050930      -0.104709      0.010609      0.010543      0.006949
20051031      -0.104868     -0.020784     -0.033876     -0.017741
20051130      -0.182482      0.040406      0.034319      0.035186
20051230      -0.113242      0.003476      0.013479     -0.000952
20060131       0.238929      0.040112      0.076354      0.025467
20060228      -0.145470     -0.001644      0.004836      0.000453
20060331       0.047267      0.019060      0.036979      0.011065
20060428       0.075693      0.012968      0.009761      0.012187
20060531       0.187937     -0.031042     -0.044331     -0.030917
20060630       0.106201     -0.000396     -0.008440      0.000087
20060731       0.081907     -0.001902     -0.022671      0.005086
20060831      -0.086876      0.025085      0.025128      0.021274
20060929       0.139822      0.019452      0.009015      0.024566
20061031       0.049910      0.037086      0.046300      0.031508
20061130      -0.155785      0.023716      0.031255      0.016467
20061229       0.050975      0.010823      0.014746      0.012616
20070131       0.069010      0.019438      0.022322      0.014059
20070228      -0.021011     -0.013998      0.002148     -0.021846
20070330      -0.039498      0.012949      0.006574      0.009980
20070430       0.019256      0.039893      0.026955      0.043291
20070531      -0.031700      0.038894      0.023024      0.032549
20070629       0.260420     -0.014758     -0.007879     -0.017816
20070731      -0.142857     -0.031753     -0.043616     -0.031982
20070831      -0.043519      0.011623     -0.011784      0.012864
20070928       0.193884      0.040903      0.025300      0.035794
20071031       0.067847      0.025842      0.017265      0.014822
20071130      -0.232457     -0.049279     -0.077076     -0.044043
20071231      -0.165605     -0.004342     -0.010877     -0.008628
20080131       0.133387     -0.062305     -0.044591     -0.061163
20080229      -0.165899     -0.022040     -0.021881     -0.034761
20080331      -0.181701     -0.010470     -0.025971     -0.005960
20080430       0.217848      0.051144      0.031213      0.047547
20080530      -0.252155      0.023825      0.032178      0.010674
20080630      -0.327485     -0.078625     -0.087065     -0.085962
20080731      -0.037391     -0.013150     -0.000994     -0.009859
20080829      -0.096658      0.011042      0.014066      0.012191
20080930      -0.055000     -0.098060     -0.120888     -0.090791
20081031      -0.387302     -0.184726     -0.206004     -0.169425
20081128      -0.094991     -0.085206     -0.136597     -0.074849
20081231      -0.389313      0.021482      0.043083      0.007822
