   qdate        le_12        le_24        le_36        le_48        le_60       le_120 
19520131      0.00214      0.00341      0.00501      0.00555      0.00706      0.00377   
19520229      0.00142      0.00158      0.00174      0.00211      0.00216     -0.00202   
19520331      0.00218      0.00330      0.00380      0.00420      0.00605      0.00726   
19520430      0.00137      0.00153      0.00249      0.00314      0.00598      0.00566   
19520529      0.00103      0.00125      0.00061      0.00023      0.00089      0.00173   
19520630      0.00087      0.00010     -0.00021     -0.00118     -0.00247     -0.00366   
19520731      0.00138      0.00062      0.00005     -0.00103     -0.00220     -0.00315   
19520829      0.00129      0.00058      0.00022     -0.00033      0.00010     -0.00172   
19520930      0.00203      0.00195      0.00141      0.00170     -0.00010      0.00029   
19521031      0.00199      0.00261      0.00278      0.00128      0.00003      0.00701   
19521128      0.00077      0.00005      0.00006      0.00107      0.00231      0.00154   
19521231      0.00206      0.00214      0.00119      0.00218      0.00236      0.00187   
19530130      0.00216      0.00316      0.00278      0.00173      0.00143     -0.00008   
19530227      0.00103      0.00055      0.00055     -0.00010     -0.00074      0.00010   
19530331      0.00154      0.00161      0.00145     -0.00374     -0.00316     -0.00131   
19530430      0.00039     -0.00200     -0.00070      0.00285     -0.00658     -0.00908   
19530529      0.00121     -0.00001     -0.00335     -0.00456     -0.00914     -0.01218   
19530630      0.00386      0.00629      0.00568      0.00717      0.01508      0.01467   
19530731      0.00245      0.00352      0.00457      0.00258      0.00468      0.00653   
19530831      0.00252      0.00309      0.00287      0.00130     -0.00076     -0.00076   
19530930      0.00402      0.00444      0.00523      0.00574      0.01600      0.01840   
19531030      0.00374      0.00480      0.00848      0.00795      0.00619      0.00760   
19531130      0.00137      0.00234      0.00183      0.00443      0.00139     -0.00142   
19531231      0.00236      0.00247      0.00255      0.00552      0.00898      0.01649   
19540129      0.00389      0.00559      0.01031      0.01156      0.01025      0.00263   
19540226      0.00067      0.00290      0.00457      0.00555      0.00824      0.01013   
19540331      0.00138      0.00097      0.00166      0.00215      0.00428      0.00739   
19540430      0.00286      0.00287      0.00299      0.00354      0.00495      0.01160   
19540528     -0.00022      0.00023      0.00045     -0.00235     -0.00702     -0.01405   
19540630      0.00120      0.00341      0.00469      0.00637      0.00793      0.01260   
19540730      0.00152      0.00147      0.00145      0.00166      0.00122      0.00056   
19540831     -0.00079      0.00017      0.00096     -0.00008      0.00007     -0.00080   
19540930      0.00048     -0.00053     -0.00259     -0.00225     -0.00156     -0.00016   
19541029      0.00049     -0.00075     -0.00041     -0.00069     -0.00115     -0.00134   
19541130      0.00005      0.00093      0.00195      0.00171     -0.00037     -0.00113   
19541231      0.00074     -0.00059      0.00089     -0.00116     -0.00121     -0.00038   
19550131     -0.00024     -0.00059     -0.00258     -0.00185     -0.00179     -0.00377   
19550228      0.00004     -0.00320     -0.00429     -0.00577     -0.00819     -0.00554   
19550331      0.00166      0.00246      0.00150      0.00150      0.00260      0.00271   
19550429      0.00048     -0.00064      0.00017     -0.00005     -0.00071     -0.00022   
19550531      0.00170      0.00296      0.00256      0.00230      0.00136      0.00231   
19550630      0.00106      0.00012     -0.00026     -0.00109     -0.00358     -0.00479   
19550729      0.00027     -0.00087     -0.00119     -0.00311     -0.00137     -0.00772   
19550831      0.00084     -0.00051     -0.00181     -0.00197     -0.00282      0.00145   
19550930      0.00158      0.00459      0.00475      0.00699      0.00520      0.00842   
19551031      0.00206      0.00301      0.00415      0.00379      0.00817      0.00765   
19551130      0.00040     -0.00143     -0.00326     -0.00328     -0.00365     -0.00535   
19551230      0.00116      0.00060      0.00069      0.00088     -0.00038      0.00025   
19560131      0.00361      0.00638      0.00719      0.00617      0.00718      0.01095   
19560229      0.00158      0.00063      0.00119      0.00231     -0.00043      0.00102   
19560329      0.00174     -0.00124     -0.00408     -0.00328     -0.00529     -0.01299   
19560430      0.00032     -0.00325     -0.00405     -0.00545     -0.00423      0.00039   
19560531      0.00350      0.00785      0.00878      0.00561      0.00811      0.01184   
19560629      0.00287      0.00385      0.00405      0.00353      0.00608      0.00081   
19560731      0.00136     -0.00131     -0.00365     -0.00287     -0.00933     -0.01146   
19560831      0.00096     -0.00106     -0.00336     -0.00782     -0.01039     -0.00865   
19560928      0.00190      0.00166      0.00178      0.00022      0.00448      0.00626   
19561031      0.00326      0.00406      0.00485      0.00677      0.00365     -0.00255   
19561130      0.00110     -0.00207     -0.00460     -0.00493     -0.00518     -0.00378   
19561231      0.00193      0.00333      0.00402      0.00358      0.00464     -0.00108   
19570131      0.00416      0.00854      0.01012      0.01338      0.01491      0.02374   
19570228      0.00131      0.00060     -0.00104     -0.00059     -0.00245     -0.00125   
19570329      0.00307      0.00390      0.00546      0.00293      0.00241      0.00177   
19570430      0.00198      0.00139      0.00071     -0.00081     -0.00271     -0.01012   
19570531      0.00228      0.00213     -0.00005     -0.00046     -0.00316     -0.00170   
19570627      0.00140      0.00001     -0.00158     -0.00287     -0.00536     -0.01061   
19570731      0.00286      0.00287      0.00112      0.00079      0.00168     -0.00150   
19570830      0.00222      0.00169      0.00503      0.00327      0.00441      0.01092   
19570930      0.00275      0.00207      0.00054      0.00231      0.00088      0.00025   
19571031      0.00380      0.00444      0.00518      0.00417      0.00719      0.00428   
19571129      0.00559      0.01157      0.02129      0.02914      0.03180      0.03958   
19571231      0.00509      0.00803      0.01439      0.01974      0.02454      0.02155   
19580131      0.00680      0.00854      0.00772      0.00557      0.00423      0.00338   
19580228      0.00238      0.00555      0.00995      0.01078      0.01212      0.01386   
19580331      0.00207      0.00252      0.00351      0.00383      0.00397      0.00684   
19580430      0.00257      0.00763      0.00812      0.00914      0.01136      0.01144   
19580529      0.00280      0.00424      0.00417      0.00593      0.00540      0.00517   
19580630     -0.00033     -0.00037     -0.00173     -0.00755     -0.01170     -0.00817   
19580731     -0.00009     -0.00250     -0.00230     -0.00536     -0.01014     -0.01398   
19580829     -0.00389     -0.01820     -0.02225     -0.02689     -0.03257     -0.03511   
19580930      0.00104      0.00273     -0.00112     -0.00022      0.00043      0.00042   
19581031      0.00374      0.00372      0.00186      0.00461      0.00376      0.00405   
19581128      0.00156      0.00423      0.00687      0.00856      0.01279      0.01004   
19581231      0.00297      0.00310      0.00094     -0.00171     -0.00584     -0.01487   
19590130      0.00098     -0.00175     -0.00118     -0.00367     -0.00168     -0.00057   
19590227      0.00259      0.00343      0.00444      0.00820      0.00800      0.00818   
19590331      0.00262      0.00148     -0.00021     -0.00403     -0.00537     -0.00398   
19590430      0.00208      0.00173      0.00008     -0.00353     -0.00412     -0.00986   
19590529      0.00198      0.00103      0.00035      0.00042     -0.00106      0.00075   
19590630      0.00251      0.00092     -0.00148     -0.00348     -0.00646     -0.00438   
19590731      0.00263      0.00404      0.00392      0.00469      0.00685      0.00329   
19590831      0.00142     -0.00227     -0.00344     -0.00411     -0.00862     -0.00955   
19590930      0.00203     -0.00087     -0.00022     -0.00274      0.00103      0.00149   
19591030      0.00656      0.01112      0.01468      0.01387      0.01648      0.02080   
19591130      0.00097     -0.00013     -0.00621     -0.00490     -0.00543     -0.00657   
19591231      0.00380      0.00223     -0.00085     -0.00048      0.00276     -0.00964   
19600129      0.00596      0.00881      0.01019      0.01254      0.00616      0.01275   
19600229      0.00258      0.00519      0.00520      0.00502      0.00620      0.01152   
19600331      0.00764      0.01459      0.02241      0.02662      0.02827      0.03195   
19600429      0.00185     -0.00281     -0.00616     -0.00755     -0.01108     -0.00932   
19600531      0.00371      0.00434      0.00424      0.00713      0.00766      0.00280   
19600630      0.00740      0.01347      0.01849      0.02059      0.02374      0.02380   
19600729      0.00292      0.01022      0.01577      0.01941      0.02317      0.02898   
19600831      0.00227      0.00299      0.00032      0.00167     -0.00074     -0.00313   
19600930      0.00219      0.00326      0.00514      0.00272      0.00188      0.00565   
19601031      0.00331      0.00085      0.00284      0.00231      0.00179     -0.00242   
19601130      0.00131     -0.00044     -0.00340     -0.00358     -0.00875     -0.00565   
19601230      0.00424      0.01030      0.01385      0.01760      0.02430      0.02082   
19610131      0.00218     -0.00123     -0.00424     -0.00669     -0.00996     -0.00620   
19610228      0.00057      0.00195      0.00318      0.00576      0.00831      0.00895   
19610330      0.00307      0.00380      0.00610      0.00475      0.00167      0.00248   
19610428      0.00249      0.00336      0.00400      0.00715      0.00878      0.00591   
19610531      0.00231      0.00032     -0.00190     -0.00165     -0.00152     -0.00184   
19610630      0.00235      0.00219      0.00021     -0.00439     -0.00693     -0.00294   
19610731      0.00337      0.00433      0.00358      0.00278      0.00092     -0.00118   
19610831      0.00122      0.00054      0.00042     -0.00155     -0.00346      0.00234   
19610929      0.00277      0.00366      0.00560      0.00757      0.00870      0.01078   
19611031      0.00252      0.00435      0.00531      0.00766      0.00411      0.00354   
19611130      0.00200      0.00172      0.00122      0.00174      0.00104     -0.00065   
19611229      0.00171      0.00127      0.00094     -0.00251     -0.00076      0.00302   
19620131      0.00324      0.00204      0.00152      0.00127      0.00078     -0.00347   
19620228      0.00282      0.00596      0.00910      0.01283      0.01438      0.01299   
19620330      0.00340      0.00548      0.00620      0.00694      0.00901      0.01084   
19620430      0.00245      0.00192      0.00203      0.00138      0.00200      0.00302   
19620531      0.00273      0.00441      0.00519      0.00495      0.00287      0.00189   
19620629      0.00105     -0.00025     -0.00217     -0.00050     -0.00618     -0.00245   
19620731      0.00243      0.00170      0.00217      0.00057      0.00148      0.00053   
19620831      0.00311      0.00664      0.00923      0.00930      0.01306      0.01063   
19620928      0.00296      0.00410      0.00359      0.00403      0.00557      0.00440   
19621031      0.00292      0.00268      0.00343      0.00428      0.00597      0.00655   
19621130      0.00178      0.00126      0.00093      0.00329      0.00606      0.00475   
19621231      0.00226      0.00212      0.00261      0.00272      0.00465      0.00639   
19630131      0.00296      0.00413      0.00435      0.00248      0.00001      0.00118   
19630228      0.00279      0.00260      0.00285      0.00291      0.00172     -0.00098   
19630329      0.00162      0.00288      0.00205      0.00257      0.00169      0.00229   
19630430      0.00278      0.00091      0.00073      0.00151      0.00245      0.00330   
19630531      0.00193      0.00201      0.00232      0.00095      0.00089      0.00168   
19630628      0.00247      0.00227      0.00276      0.00206      0.00059      0.00025   
19630731      0.00260     -0.00019     -0.00110     -0.00041     -0.00002      0.00290   
19630830      0.00210      0.00132      0.00234      0.00157      0.00102      0.00008   
19630930      0.00281      0.00357      0.00338      0.00313      0.00320      0.00286   
19631031      0.00254      0.00142      0.00139      0.00093      0.00107     -0.00025   
19631129      0.00228      0.00249      0.00204      0.00352      0.00264      0.00569   
19631231      0.00326      0.00186      0.00154     -0.00024      0.00011      0.00042   
19640131      0.00330      0.00461      0.00356      0.00540      0.00497      0.00173   
19640228      0.00208      0.00118      0.00103      0.00095      0.00015      0.00005   
19640331      0.00325      0.00235      0.00112     -0.00082     -0.00089      0.00055   
19640430      0.00402      0.00511      0.00539      0.00589      0.00523      0.00525   
19640528      0.00283      0.00332      0.00426      0.00578      0.00586      0.00622   
19640630      0.00338      0.00469      0.00584      0.00580      0.00531      0.00720   
19640731      0.00292      0.00458      0.00514      0.00483      0.00491      0.00217   
19640831      0.00244      0.00160      0.00187      0.00201      0.00179      0.00180   
19640930      0.00299      0.00262      0.00178      0.00295      0.00143      0.00550   
19641030      0.00258      0.00265      0.00292      0.00294      0.00319      0.00301   
19641130      0.00139      0.00041     -0.00003     -0.00081     -0.00036      0.00060   
19641231      0.00406      0.00544      0.00657      0.00632      0.00656      0.00353   
19650129      0.00292      0.00312      0.00373      0.00389      0.00370      0.00504   
19650226      0.00224      0.00140      0.00080      0.00172      0.00038      0.00080   
19650331      0.00400      0.00429      0.00337      0.00338      0.00459      0.00516   
19650429      0.00307      0.00344      0.00327      0.00325      0.00257      0.00310   
19650528      0.00274      0.00290      0.00328      0.00381      0.00240      0.00263   
19650630      0.00384      0.00489      0.00538      0.00434      0.00386      0.00533   
19650730      0.00312      0.00247      0.00234      0.00121      0.00172      0.00178   
19650831      0.00265      0.00196      0.00118      0.00108      0.00153     -0.00076   
19650930      0.00223      0.00109     -0.00028     -0.00007     -0.00077     -0.00122   
19651029      0.00307      0.00334      0.00275      0.00185      0.00050     -0.00013   
19651130      0.00283      0.00231      0.00116      0.00130      0.00189     -0.00021   
19651231      0.00155     -0.00387     -0.00849     -0.01041     -0.01331     -0.01128   
19660131      0.00427      0.00463      0.00482      0.00405      0.00107     -0.00216   
19660228      0.00290      0.00293      0.00112      0.00058     -0.00213     -0.01072   
19660331      0.00490      0.00567      0.00907      0.01198      0.01168      0.02147   
19660429      0.00323      0.00239      0.00188      0.00136      0.00282     -0.00064   
19660531      0.00339      0.00183      0.00093     -0.00118     -0.00207      0.00072   
19660630      0.00430      0.00816      0.00209     -0.00013     -0.00105     -0.00318   
19660729      0.00300     -0.00242      0.00240      0.00040     -0.00240     -0.00524   
19660831      0.00173     -0.00269     -0.00799     -0.01522     -0.01283     -0.01011   
19660930      0.00519      0.00815      0.01287      0.02046      0.01345      0.02422   
19661031      0.00512      0.00589      0.00643      0.00841      0.00700      0.00707   
19661130      0.00463      0.00356      0.00301      0.00097      0.00205      0.00028   
19661230      0.00635      0.01252      0.01509      0.02115      0.02434      0.02944   
19670131      0.00576      0.00784      0.01038      0.01212      0.01086      0.01176   
19670228      0.00281      0.00203     -0.00100     -0.00044      0.00043     -0.00414   
19670331      0.00651      0.01103      0.01785      0.01886      0.01807      0.01968   
19670428      0.00349      0.00207     -0.00348     -0.00562     -0.00736     -0.01092   
19670531      0.00380      0.00207      0.00398      0.00440      0.00079      0.00514   
19670630      0.00040     -0.00482     -0.00983     -0.01252     -0.01995     -0.02395   
19670731      0.00324      0.00352      0.00790      0.00715      0.01118      0.01256   
19670831      0.00357      0.00290     -0.00334     -0.00430     -0.00357     -0.00290   
19670929      0.00332      0.00328      0.00389      0.00315      0.00279      0.00203   
19671031      0.00346      0.00162     -0.00349     -0.00256     -0.00751     -0.01361   
19671130      0.00248      0.00141      0.00394      0.00314      0.00055      0.00015   
19671229      0.00391      0.00409      0.00095      0.00143      0.00233      0.00891   
19680131      0.00717      0.00865      0.01314      0.01402      0.01532      0.01419   
19680229      0.00312      0.00406      0.00132      0.00137      0.00369      0.00228   
19680329      0.00396      0.00264      0.00134     -0.00090     -0.00200     -0.00341   
19680430      0.00307      0.00226      0.00164      0.00118      0.00064      0.00093   
19680531      0.00374      0.00117      0.00456      0.00621      0.00265      0.00413   
19680628      0.00595      0.00820      0.00857      0.01035      0.01519      0.01147   
19680731      0.00641      0.01095      0.01319      0.01525      0.01983      0.01901   
19680830      0.00415      0.00453      0.00553      0.00504      0.00152      0.00573   
19680930      0.00435      0.00421      0.00304      0.00362      0.00474      0.00288   
19681031      0.00314      0.00167      0.00211      0.00191      0.00091     -0.00088   
19681129      0.00325      0.00246      0.00244     -0.00067     -0.00084     -0.00088   
19681231      0.00177     -0.00523     -0.01277     -0.01389     -0.01695     -0.02040   
19690131      0.00622      0.00592      0.00825      0.00785      0.00455      0.00777   
19690228      0.00447      0.00245     -0.00343     -0.00790     -0.00623     -0.00001   
19690328      0.00550      0.00763      0.01152      0.01081      0.00234      0.00786   
19690430      0.00577      0.00576      0.00603      0.00960      0.01212      0.00430   
19690529      0.00194     -0.00179     -0.00593     -0.01276     -0.00616     -0.00852   
19690630     -0.00005     -0.00444     -0.00751     -0.01049     -0.00967     -0.00622   
19690731      0.00669      0.00431      0.00212     -0.00010     -0.00586      0.00862   
19690829      0.00519      0.00661      0.00501     -0.00254     -0.00150     -0.00433   
19690930      0.00430      0.00017     -0.00896     -0.02198     -0.01843     -0.03328   
19691031      0.00848      0.01331      0.02122      0.02780      0.03327      0.04156   
19691128      0.00283      0.00072     -0.00135      0.00191     -0.00529     -0.00598   
19691231      0.00549      0.00109     -0.00843     -0.00964     -0.01699     -0.01763   
19700130      0.00839      0.00759      0.00997      0.00285      0.00205     -0.00583   
19700227      0.01288      0.02138      0.02847      0.03063      0.04449      0.04517   
19700331      0.00688      0.00845      0.01098      0.00949      0.00798      0.00775   
19700430      0.00288     -0.00426     -0.01030     -0.01577     -0.02019     -0.02928   
19700529      0.00615      0.00523      0.00517      0.00897      0.01075      0.01412   
19700630      0.00811      0.01047      0.01078      0.00850      0.00870      0.00672   
19700731      0.00865      0.01023      0.01286      0.01382      0.01369      0.01503   
19700831      0.00654      0.00889      0.00953      0.01020      0.01141      0.01139   
19700930      0.00713      0.01099      0.01548      0.01951      0.01811      0.01717   
19701030      0.00690      0.00785      0.00995      0.00941      0.01025      0.01235   
19701130      0.01251      0.02357      0.03298      0.04023      0.04658      0.04807   
19701231      0.00541      0.00384      0.00307      0.00371      0.00479      0.00991   
19710129      0.00618      0.01526      0.01926      0.01773      0.01400      0.01293   
19710226      0.00716      0.01072      0.01397      0.01969      0.02015      0.01999   
19710331      0.00265      0.00243      0.01071      0.01471      0.01883      0.02408   
19710430     -0.00091     -0.00574     -0.02080     -0.02810     -0.03265     -0.03553   
19710528      0.00218     -0.00109     -0.00015      0.00315      0.00085     -0.00468   
19710630      0.00012     -0.00701     -0.01279     -0.02041     -0.02125     -0.02146   
19710730      0.00366      0.00557      0.00641      0.00141      0.00376      0.00325   
19710831      0.00995      0.01782      0.03088      0.04015      0.04114      0.04683   
19710930      0.00442      0.00587      0.00602      0.00571      0.00447      0.01307   
19711029      0.00667      0.01215      0.01551      0.01635      0.01840      0.01651   
19711130      0.00363      0.00391      0.00308      0.00265      0.00546      0.00235   
19711231      0.00582      0.00792      0.01060      0.01265      0.01610      0.01459   
19720131      0.00480      0.00448      0.00284     -0.00265     -0.00686     -0.00486   
19720229      0.00388      0.00554      0.00627      0.00738      0.00725      0.00744   
19720330     -0.00014     -0.00692     -0.00882     -0.01088     -0.01133     -0.00527   
19720428      0.00490      0.01176      0.01176      0.01231      0.01410      0.01119   
19720531      0.00413      0.00566      0.00905      0.00925      0.00926      0.00897   
19720630      0.00137     -0.00258     -0.00384     -0.00442     -0.00415     -0.00183   
19720731      0.00587      0.00837      0.00805      0.00541      0.00592      0.00513   
19720831      0.00040     -0.00249     -0.00178     -0.00266     -0.00365     -0.00455   
19720929      0.00347      0.00192      0.00328      0.00487      0.00606      0.00391   
19721031      0.00530      0.00592      0.00522      0.00451      0.00430      0.00806   
19721130      0.00495      0.00735      0.00773      0.00804      0.00908      0.01156   
19721229      0.00253      0.00112     -0.00033      0.00106      0.00110     -0.00085   
19730131      0.00337     -0.00037     -0.00085     -0.00274     -0.00696     -0.00005   
19730228      0.00357     -0.00028     -0.00226     -0.00356     -0.00650     -0.00510   
19730330      0.00270      0.00002      0.00025      0.00238      0.00264     -0.00133   
19730430      0.00646      0.00889      0.00876      0.00800      0.00943      0.00733   
19730531      0.00377      0.00305      0.00422      0.00551      0.00537      0.00167   
19730629      0.00232      0.00016     -0.00044     -0.00168     -0.00076      0.00269   
19730731      0.00255     -0.00856     -0.01500     -0.02014     -0.03098     -0.02957   
19730831      0.00867      0.01214      0.01709      0.02620      0.02740      0.02686   
19730928      0.01353      0.01664      0.02356      0.02316      0.02631      0.02591   
19731031      0.00777      0.00979      0.00500      0.00446      0.00377      0.00834   
19731130      0.00332      0.00445      0.00604      0.00805      0.00661      0.00648   
19731231      0.00680      0.00463      0.00448      0.00413      0.00289      0.00453   
19740131      0.00721      0.00735      0.00621      0.00794      0.00369     -0.00271   
19740228      0.00494      0.00422      0.00323     -0.00100      0.00187      0.00565   
19740329     -0.00146     -0.00958     -0.01347     -0.01823     -0.02188     -0.02443   
19740430      0.00426     -0.00270     -0.00401     -0.00859     -0.01305     -0.01818   
19740531      0.00919      0.01122      0.01118      0.01239      0.01265      0.01160   
19740628      0.00611      0.00467      0.00097     -0.00167     -0.00477     -0.00240   
19740731      0.00698      0.00442      0.00288      0.00236      0.00298     -0.00302   
19740830      0.00358     -0.00120      0.00386      0.00524      0.00138     -0.00354   
19740930      0.01579      0.02215      0.02090      0.02323      0.02926      0.03009   
19741031      0.00690      0.01154      0.01070      0.00994      0.00958      0.01743   
19741129      0.00665      0.01198      0.01623      0.02113      0.02328      0.02111   
19741231      0.00882      0.00777      0.01009      0.01264      0.01736      0.01982   
19750131      0.01019      0.01650      0.01487      0.01288      0.00735      0.00572   
19750228      0.00629      0.01057      0.01422      0.01537      0.01831      0.01189   
19750331      0.00388     -0.00009     -0.00341     -0.00727     -0.00902     -0.00864   
19750430      0.00322     -0.00268     -0.00947     -0.01355     -0.01637     -0.01675   
19750530      0.00975      0.01630      0.02107      0.02468      0.02701      0.02240   
19750630      0.00101     -0.00064      0.00106     -0.00112     -0.00075      0.00546   
19750731      0.00356      0.00061     -0.00388     -0.00403     -0.00419     -0.00239   
19750829      0.00492      0.00420      0.00614      0.00225      0.00080     -0.00173   
19750930      0.00563      0.00353     -0.00086     -0.00121      0.00014     -0.00676   
19751031      0.01253      0.02250      0.02949      0.03433      0.03507      0.03554   
19751128      0.00402      0.00267      0.00028      0.00053     -0.00141     -0.00172   
19751231      0.00786      0.01316      0.01757      0.01782      0.01963      0.02449   
19760130      0.00769      0.01227      0.01103      0.01047      0.00742      0.00673   
19760227      0.00202     -0.00092     -0.00001      0.00259      0.00614      0.00776   
19760331      0.00566      0.00784      0.00895      0.00951      0.00869      0.01053   
19760430      0.00487      0.00601      0.00815      0.00914      0.00868      0.00721   
19760528      0.00100     -0.00371     -0.00851     -0.01013     -0.01122     -0.00848   
19760630      0.00742      0.01165      0.01406      0.01479      0.01559      0.01313   
19760730      0.00669      0.00927      0.01046      0.01170      0.01191      0.00874   
19760831      0.00630      0.00918      0.01166      0.01269      0.01547      0.01679   
19760930      0.00520      0.00854      0.01032      0.01061      0.01286      0.01318   
19761029      0.00593      0.00845      0.01138      0.01392      0.01543      0.01623   
19761130      0.00729      0.01418      0.02043      0.02606      0.03086      0.03248   
19761231      0.00462      0.00562      0.00521      0.00393      0.00435      0.01286   
19770131      0.00143     -0.00597     -0.01269     -0.01836     -0.02320     -0.02616   
19770228      0.00496      0.00640      0.00735      0.00538      0.00540      0.00295   
19770331      0.00501      0.00708      0.00681      0.00943      0.00736      0.00672   
19770429      0.00375      0.00380      0.00524      0.00503      0.00440      0.00526   
19770531      0.00293      0.00393      0.00491      0.00742      0.00764      0.00842   
19770630      0.00520      0.00714      0.00819      0.01147      0.01225      0.01456   
19770729      0.00211     -0.00121     -0.00375     -0.00579     -0.00645     -0.00625   
19770831      0.00487      0.00496      0.00520      0.00694      0.00785      0.01196   
19770930      0.00344      0.00171      0.00047      0.00092      0.00043     -0.00156   
19771031      0.00419      0.00115     -0.00131     -0.00403     -0.00541     -0.00674   
19771130      0.00606      0.00719      0.00818      0.00857      0.00946      0.00982   
19771230      0.00491      0.00400      0.00284     -0.00066     -0.00325     -0.00662   
19780131      0.00499      0.00302      0.00140      0.00146      0.00049     -0.00284   
19780228      0.00534      0.00487      0.00305      0.00247      0.00121     -0.00029   
19780331      0.00573      0.00464      0.00459      0.00435      0.00408      0.00194   
19780428      0.00484      0.00381      0.00298      0.00252      0.00293      0.00146   
19780531      0.00473      0.00291      0.00124      0.00093     -0.00142     -0.00391   
19780630      0.00461      0.00174     -0.00109     -0.00348     -0.00260     -0.00426   
19780731      0.00706      0.00765      0.00857      0.00964      0.00961      0.01021   
19780831      0.00593      0.00662      0.00876      0.00827      0.00817      0.01230   
19780929      0.00397      0.00261      0.00366      0.00389      0.00447     -0.00009   
19781031      0.00383     -0.00265     -0.01055     -0.01526     -0.01677     -0.01490   
19781130      0.00594      0.00429      0.00718      0.01317      0.01407      0.01162   
19781229      0.00506     -0.00032     -0.00456     -0.00650     -0.00962     -0.01118   
19790131      0.01125      0.01466      0.01685      0.02051      0.02133      0.02232   
19790228      0.00686      0.00508      0.00299     -0.00124     -0.00665     -0.00579   
19790330      0.00918      0.01010      0.00821      0.00917      0.01123      0.01123   
19790430      0.00745      0.00640      0.00387      0.00248      0.00325      0.00002   
19790531      0.00908      0.01221      0.01567      0.01730      0.01870      0.02249   
19790629      0.00996      0.01535      0.01759      0.01731      0.01891      0.02218   
19790731      0.00583      0.00204      0.00122     -0.00063     -0.00033     -0.00515   
19790831      0.00497     -0.00061     -0.00287     -0.00458     -0.00532     -0.00690   
19790928      0.00511      0.00197      0.00006     -0.00086     -0.00234     -0.00501   
19791031      0.00063     -0.01727     -0.03050     -0.04036     -0.04809     -0.06261   
19791130      0.01670      0.02367      0.03196      0.03849      0.03734      0.03974   
19791231      0.00794      0.00793      0.00465      0.00657      0.00995      0.01054   
19800131      0.00843      0.00216     -0.00134     -0.00830     -0.01406     -0.02919   
19800229     -0.00293     -0.02939     -0.04898     -0.05711     -0.05783     -0.07354   
19800331      0.00619      0.00830      0.00820      0.01919      0.01617      0.02233   
19800430      0.03515      0.06845      0.09330      0.08935      0.10059      0.10923   
19800530      0.02118      0.03027      0.03478      0.03827      0.03801      0.04148   
19800630      0.00795      0.00966      0.00814      0.01081      0.01259      0.01888   
19800731      0.00473     -0.00088     -0.00381     -0.01208     -0.01529     -0.02213   
19800829     -0.00396     -0.01785     -0.02732     -0.03388     -0.04601     -0.04219   
19800930      0.00459      0.00196     -0.00075     -0.00161      0.00163     -0.00672   
19801030      0.00361     -0.00297     -0.00802     -0.01452     -0.01651     -0.02328   
19801128      0.00212     -0.00276     -0.00411     -0.00200     -0.00365      0.00332   
19801231      0.01656      0.02595      0.03001      0.02927      0.03418      0.02867   
19810130      0.00784      0.00373      0.00392      0.00526      0.00234     -0.00218   
19810227      0.01114      0.00483     -0.00504     -0.01400     -0.01743     -0.02698   
19810331      0.01924      0.02202      0.02427      0.02512      0.02127      0.02378   
19810430      0.00087     -0.01004     -0.01822     -0.02045     -0.02382     -0.03422   
19810529      0.00887      0.01168      0.01486      0.02143      0.02628      0.04111   
19810630      0.01592      0.01380      0.01329      0.00950      0.00399     -0.00444   
19810731      0.00599     -0.00422     -0.01194     -0.01997     -0.02045     -0.02604   
19810831      0.01046      0.00255      0.00089     -0.00734     -0.01309     -0.02358   
19810930      0.01702      0.01563      0.00685      0.00678      0.00363      0.00118   
19811030      0.01890      0.03797      0.04755      0.05722      0.06289      0.05987   
19811130      0.02754      0.04422      0.05966      0.06689      0.06820      0.10062   
19811231      0.00068     -0.01121     -0.02135     -0.02378     -0.02875     -0.04181   
19820129      0.00674      0.00582      0.00371      0.00423      0.00435      0.00341   
19820226      0.01137      0.01106      0.01287      0.01395      0.01180      0.02326   
19820331      0.01012      0.01071      0.00810      0.00655      0.01185      0.00203   
19820430      0.01421      0.01783      0.02103      0.02398      0.03053      0.02835   
19820528      0.01378      0.01685      0.01858      0.01511      0.01411      0.01598   
19820630      0.00439     -0.00286     -0.01047     -0.01317     -0.01763     -0.02219   
19820730      0.02038      0.03081      0.03802      0.04116      0.04001      0.05039   
19820831      0.01978      0.02809      0.03580      0.04123      0.04363      0.05530   
19820930      0.01283      0.01955      0.02536      0.02835      0.03668      0.04395   
19821029      0.01138      0.02402      0.03399      0.04178      0.04037      0.05623   
19821130      0.00801      0.01024      0.01302      0.01036      0.00813      0.00435   
19821231      0.00956      0.01407      0.01608      0.02233      0.02094      0.02578   
19830131      0.00727      0.00736      0.00563      0.00469      0.00233     -0.00543   
19830228      0.00805      0.01187      0.01558      0.01862      0.02420      0.03436   
19830331      0.00387      0.00114     -0.00101     -0.00242     -0.00424     -0.00588   
19830429      0.00970      0.01445      0.01757      0.02042      0.02212      0.02539   
19830531      0.00489      0.00094     -0.00423     -0.00681     -0.01050     -0.01693   
19830630      0.00590      0.00441      0.00365      0.00329     -0.00001      0.00081   
19830729      0.00474     -0.00115     -0.00693     -0.01230     -0.01948     -0.02825   
19830831      0.00885      0.00892      0.00678      0.00704      0.00531      0.00454   
19830930      0.01183      0.01787      0.02290      0.02485      0.02896      0.03519   
19831031      0.00860      0.00950      0.00760      0.00523      0.00523     -0.00035   
19831130      0.00696      0.00814      0.00847      0.00950      0.00973      0.01320   
19831230      0.00677      0.00599      0.00492      0.00424      0.00332     -0.00028   
19840131      0.00972      0.01301      0.01468      0.01724      0.01789      0.01954   
19840229      0.00596      0.00343      0.00108     -0.00218     -0.00479     -0.00950   
19840330      0.00503      0.00119     -0.00271     -0.00461     -0.00615     -0.01433   
19840430      0.00889      0.00820      0.00532      0.00386      0.00163     -0.00300   
19840531      0.00448     -0.00526     -0.01255     -0.02126     -0.02759     -0.04048   
19840629      0.00943      0.00850      0.00766      0.00792      0.01041      0.01296   
19840731      0.01121      0.01742      0.02461      0.03421      0.04017      0.05515   
19840831      0.00936      0.01119      0.01003      0.01205      0.01088      0.01360   
19840928      0.01139      0.01587      0.01797      0.01890      0.02103      0.02661   
19841031      0.01459      0.02290      0.02948      0.03411      0.03904      0.04789   
19841130      0.01278      0.01837      0.02060      0.02084      0.01927      0.01807   
19841231      0.00993      0.01379      0.01655      0.01652      0.01539      0.01175   
19850131      0.00811      0.01145      0.01343      0.01689      0.02024      0.02882   
19850228      0.00315     -0.00168     -0.00655     -0.01164     -0.01649     -0.02728   
19850329      0.00892      0.01113      0.01345      0.01573      0.01593      0.02137   
19850430      0.01060      0.01526      0.01803      0.02039      0.02275      0.02212   
19850531      0.01236      0.02241      0.03229      0.04085      0.04707      0.06770   
19850628      0.00723      0.01105      0.01139      0.01104      0.01096      0.00759   
19850731      0.00517      0.00373      0.00186     -0.00007     -0.00067     -0.00578   
19850830      0.00805      0.01019      0.01225      0.01455      0.01594      0.02273   
19850930      0.00653      0.00757      0.00915      0.01015      0.00867      0.00769   
19851031      0.00681      0.00935      0.01281      0.01601      0.01813      0.02287   
19851129      0.00703      0.01036      0.01355      0.01655      0.01968      0.02729   
19851231      0.00725      0.01186      0.01754      0.02231      0.02791      0.04189   
19860131      0.00646      0.00660      0.00670      0.00763      0.00604      0.00225   
19860228      0.00646      0.00973      0.01362      0.02087      0.02685      0.05101   
19860331      0.00930      0.01527      0.02229      0.02474      0.02975      0.04356   
19860430      0.00697      0.00774      0.00619      0.00705      0.00667      0.00396   
19860530      0.00423      0.00027     -0.00544     -0.01388     -0.01968     -0.02823   
19860630      0.00726      0.01232      0.01818      0.02323      0.02715      0.03712   
19860731      0.00645      0.00949      0.01186      0.01400      0.01370      0.01010   
19860829      0.00841      0.01484      0.02042      0.02533      0.02813      0.03366   
19860930      0.00385      0.00073     -0.00404     -0.00940     -0.01320     -0.02050   
19861031      0.00515      0.00767      0.01108      0.01475      0.01646      0.01724   
19861128      0.00420      0.00551      0.00745      0.00963      0.01146      0.01380   
19861231      0.00356      0.00218      0.00167      0.00130      0.00260      0.00261   
19870130      0.00553      0.00730      0.00784      0.00914      0.00898      0.01133   
19870227      0.00430      0.00398      0.00481      0.00502      0.00464      0.00640   
19870331      0.00441      0.00250      0.00085     -0.00144     -0.00247     -0.00854   
19870430      0.00295     -0.00424     -0.01225     -0.01760     -0.02265     -0.03065   
19870529      0.00406      0.00167     -0.00027     -0.00223     -0.00427     -0.00614   
19870630      0.00722      0.01087      0.01214      0.01241      0.01259      0.01229   
19870731      0.00585      0.00599      0.00397      0.00311      0.00168     -0.00310   
19870831      0.00434      0.00181     -0.00061     -0.00272     -0.00384     -0.00831   
19870930      0.00322     -0.00191     -0.00751     -0.01209     -0.01749     -0.02475   
19871030      0.01037      0.01837      0.02585      0.03042      0.03396      0.04179   
19871130      0.00588      0.00588      0.00739      0.00718      0.00475      0.00505   
19871231      0.00562      0.00622      0.00740      0.00967      0.01119      0.01533   
19880129      0.00694      0.01340      0.01879      0.02497      0.02878      0.03697   
19880229      0.00667      0.00828      0.00890      0.01023      0.01181      0.01327   
19880331      0.00472      0.00288      0.00039     -0.00355     -0.00620     -0.01337   
19880429      0.00450      0.00206     -0.00015     -0.00213     -0.00372     -0.00574   
19880531      0.00375     -0.00014     -0.00297     -0.00496     -0.00814     -0.01010   
19880630      0.00672      0.00922      0.01200      0.01529      0.01849      0.02530   
19880729      0.00370      0.00114     -0.00138     -0.00267     -0.00451     -0.00761   
19880831      0.00517      0.00317      0.00177     -0.00007     -0.00058      0.00039   
19880930      0.00746      0.01021      0.01334      0.01615      0.01903      0.02495   
19881031      0.00754      0.00944      0.01170      0.01446      0.01623      0.01901   
19881130      0.00317     -0.00205     -0.00620     -0.01051     -0.01326     -0.01627   
19881230      0.00551      0.00294      0.00099     -0.00113     -0.00202     -0.00116   
19890131      0.00748      0.00829      0.00907      0.01007      0.01103      0.01466   
19890228      0.00467      0.00055     -0.00219     -0.00496     -0.00773     -0.01094   
19890331      0.00691      0.00485      0.00377      0.00338      0.00386      0.00684   
19890428      0.00969      0.01457      0.01827      0.02179      0.02403      0.02359   
19890531      0.00927      0.01312      0.01655      0.01915      0.02079      0.02726   
19890630      0.01037      0.01630      0.02225      0.02710      0.02960      0.03447   
19890731      0.00899      0.01351      0.01757      0.02194      0.02545      0.02707   
19890831      0.00395     -0.00418     -0.01040     -0.01613     -0.01980     -0.02216   
19890929      0.00592      0.00561      0.00483      0.00356      0.00336      0.00254   
19891031      0.00945      0.01433      0.01891      0.02282      0.02432      0.02827   
19891130      0.00734      0.00829      0.00918      0.00953      0.00986      0.01091   
19891229      0.00561      0.00394      0.00277      0.00193      0.00258     -0.00016   
19900131      0.00602      0.00225     -0.00170     -0.00510     -0.01000     -0.01451   
19900228      0.00643      0.00539      0.00426      0.00294      0.00149      0.00050   
19900330      0.00567      0.00377      0.00190      0.00107      0.00020      0.00004   
19900430      0.00630      0.00334      0.00064     -0.00202     -0.00505     -0.01121   
19900531      0.00887      0.01419      0.01807      0.02146      0.02359      0.02945   
19900629      0.00740      0.00936      0.01171      0.01281      0.01433      0.01635   
19900731      0.00810      0.01112      0.01363      0.01560      0.01640      0.01559   
19900831      0.00597      0.00417      0.00153     -0.00261     -0.00675     -0.01653   
19900928      0.00654      0.00746      0.00872      0.00915      0.00962      0.00967   
19901031      0.00797      0.01063      0.01254      0.01497      0.01623      0.01844   
19901130      0.00686      0.00877      0.01185      0.01481      0.01755      0.02448   
19901231      0.00849      0.01142      0.01319      0.01437      0.01560      0.01647   
19910131      0.00742      0.00874      0.00984      0.01064      0.00942      0.01160   
19910228      0.00609      0.00669      0.00622      0.00622      0.00579      0.00591   
19910328      0.00579      0.00588      0.00494      0.00392      0.00257      0.00237   
19910430      0.00680      0.00922      0.01053      0.01177      0.01162      0.01073   
19910531      0.00512      0.00664      0.00677      0.00710      0.00611      0.00485   
19910628      0.00446      0.00394      0.00202     -0.00034     -0.00249     -0.00439   
19910731      0.00625      0.00852      0.01024      0.01245      0.01384      0.01356   
19910830      0.00682      0.01227      0.01689      0.01985      0.02253      0.02563   
19910930      0.00642      0.00956      0.01324      0.01678      0.02017      0.02608   
19911031      0.00611      0.00956      0.01224      0.01363      0.01348      0.01129   
19911129      0.00586      0.00959      0.01137      0.01230      0.01327      0.01155   
19911231      0.00723      0.01317      0.01917      0.02347      0.02706      0.03863   
19920131      0.00308      0.00047     -0.00419     -0.00780     -0.01276     -0.02176   
19920228      0.00305      0.00299      0.00278      0.00210      0.00169      0.00466   
19920331      0.00315      0.00127     -0.00298     -0.00537     -0.00614     -0.00767   
19920430      0.00526      0.00895      0.01016      0.01176      0.01017      0.00679   
19920529      0.00382      0.00790      0.01186      0.01515      0.01791      0.02076   
19920630      0.00449      0.00856      0.01347      0.01691      0.01806      0.01876   
19920731      0.00533      0.01023      0.01502      0.02000      0.02306      0.02815   
19920831      0.00403      0.00755      0.01081      0.01276      0.01371      0.01221   
19920930      0.00466      0.00856      0.01220      0.01559      0.01764      0.01895   
19921030      0.00038     -0.00479     -0.00956     -0.01482     -0.01756     -0.01777   
19921130      0.00216     -0.00054     -0.00339     -0.00507     -0.00739     -0.00494   
19921231      0.00416      0.00880      0.01126      0.01405      0.01400      0.01704   
19930129      0.00370      0.00819      0.01325      0.01906      0.02550      0.02422   
19930226      0.00320      0.00675      0.01187      0.01548      0.01755      0.02157   
19930331      0.00316      0.00361      0.00405      0.00424      0.00447      0.00549   
19930430      0.00288      0.00541      0.00736      0.00928      0.00947      0.00791   
19930528      0.00115     -0.00246     -0.00393     -0.00438     -0.00345     -0.00109   
19930630      0.00378      0.00660      0.00948      0.01319      0.01714      0.02387   
19930730      0.00262      0.00242      0.00167      0.00161      0.00076      0.00268   
19930831      0.00385      0.00709      0.01145      0.01579      0.01962      0.02211   
19930930      0.00295      0.00323      0.00316      0.00257      0.00381      0.00676   
19931029      0.00216      0.00189      0.00201      0.00277      0.00214      0.00201   
19931130      0.00276      0.00138     -0.00103     -0.00389     -0.00715     -0.01228   
19931231      0.00292      0.00354      0.00402      0.00406      0.00320      0.00486   
19940131      0.00384      0.00594      0.00723      0.00998      0.01278      0.01387   
19940228      0.00018     -0.00466     -0.00917     -0.01413     -0.01833     -0.02358   
19940331      0.00142     -0.00266     -0.00863     -0.01387     -0.01919     -0.02472   
19940429      0.00171     -0.00233     -0.00597     -0.00850     -0.01000     -0.00887   
19940531      0.00303      0.00162      0.00088      0.00090      0.00102     -0.00002   
19940630      0.00393      0.00329      0.00225      0.00101     -0.00116     -0.00290   
19940729      0.00432      0.00709      0.01001      0.01270      0.01537      0.01776   
19940831      0.00430      0.00410      0.00334      0.00307      0.00300      0.00238   
19940930      0.00258     -0.00057     -0.00472     -0.00886     -0.01244     -0.01594   
19941031      0.00440      0.00286      0.00158      0.00032     -0.00096     -0.00254   
19941130      0.00197     -0.00305     -0.00604     -0.00709     -0.00655     -0.00234   
19941230      0.00389      0.00185      0.00116      0.00254      0.00334      0.00640   
19950131      0.00727      0.01256      0.01625      0.01750      0.01792      0.01897   
19950228      0.00693      0.01209      0.01679      0.02130      0.02356      0.02595   
19950331      0.00523      0.00563      0.00557      0.00598      0.00623      0.00625   
19950428      0.00551      0.00795      0.00992      0.01160      0.01316      0.01500   
19950531      0.00760      0.01482      0.02309      0.03009      0.03679      0.04589   
19950630      0.00536      0.00546      0.00606      0.00703      0.00755      0.00943   
19950731      0.00495      0.00471      0.00252      0.00023     -0.00201     -0.00577   
19950831      0.00507      0.00563      0.00699      0.00832      0.00935      0.01242   
19950929      0.00418      0.00395      0.00510      0.00606      0.00657      0.01012   
19951031      0.00541      0.00789      0.00973      0.01128      0.01262      0.01524   
19951130      0.00518      0.00781      0.01088      0.01353      0.01571      0.01824   
19951229      0.00541      0.00682      0.00833      0.00964      0.01010      0.01392   
19960131      0.00533      0.00790      0.00935      0.01052      0.00982      0.00740   
19960229      0.00339     -0.00146     -0.00622     -0.01051     -0.01366     -0.02238   
19960329      0.00309     -0.00032     -0.00385     -0.00686     -0.00889     -0.01046   
19960430      0.00435      0.00229     -0.00043     -0.00308     -0.00544     -0.00957   
19960531      0.00433      0.00326      0.00094     -0.00110     -0.00308     -0.00385   
19960628      0.00421      0.00573      0.00756      0.00932      0.01152      0.01325   
19960731      0.00459      0.00451      0.00416      0.00364      0.00236      0.00231   
19960830      0.00536      0.00401      0.00262      0.00099     -0.00044     -0.00326   
19960930      0.00543      0.00834      0.01097      0.01341      0.01535      0.01936   
19961031      0.00537      0.00974      0.01392      0.01706      0.02003      0.02578   
19961129      0.00461      0.00639      0.00894      0.01203      0.01406      0.02063   
19961231      0.00410      0.00145     -0.00220     -0.00574     -0.00895     -0.01485   
19970131      0.00473      0.00475      0.00463      0.00457      0.00374      0.00171   
19970228      0.00386      0.00276      0.00125      0.00051     -0.00060      0.00014   
19970331      0.00359      0.00062     -0.00254     -0.00551     -0.00791     -0.01417   
19970430      0.00538      0.00744      0.00931      0.01092      0.01258      0.01530   
19970530      0.00545      0.00655      0.00723      0.00775      0.00820      0.01011   
19970630      0.00501      0.00661      0.00809      0.00928      0.00995      0.01294   
19970731      0.00530      0.00929      0.01421      0.01925      0.02293      0.03114   
19970829      0.00373      0.00153     -0.00154     -0.00486     -0.00735     -0.01275   
19970930      0.00565      0.00720      0.00979      0.01189      0.01382      0.01786   
19971031      0.00470      0.00656      0.00837      0.01135      0.01361      0.01774   
19971128      0.00349      0.00199      0.00133      0.00056     -0.00015      0.00224   
19971231      0.00556      0.00714      0.00838      0.00951      0.01105      0.01282   
19980130      0.00538      0.00856      0.01196      0.01454      0.01631      0.01861   
19980227      0.00347      0.00138     -0.00060     -0.00208     -0.00413     -0.00411   
19980331      0.00493      0.00435      0.00373      0.00378      0.00356      0.00230   
19980430      0.00479      0.00466      0.00458      0.00454      0.00419      0.00414   
19980529      0.00421      0.00464      0.00554      0.00566      0.00617      0.00892   
19980630      0.00495      0.00542      0.00581      0.00664      0.00803      0.01010   
19980731      0.00472      0.00480      0.00480      0.00457      0.00370      0.00300   
19980831      0.00621      0.01202      0.01853      0.02319      0.02844      0.03269   
19980930      0.00642      0.01059      0.01574      0.02105      0.02584      0.03575   
19981030      0.00409      0.00486      0.00469      0.00308      0.00263     -0.00458   
19981130      0.00286     -0.00013     -0.00209     -0.00423     -0.00674     -0.00450   
19981231      0.00401      0.00332      0.00291      0.00315      0.00229      0.00490   
19990129      0.00362      0.00346      0.00387      0.00498      0.00493      0.00425   
19990226      0.00216     -0.00355     -0.00908     -0.01600     -0.02226     -0.02893   
19990331      0.00528      0.00699      0.00780      0.00905      0.00847      0.00657   
19990430      0.00379      0.00346      0.00265      0.00246      0.00241      0.00324   
19990528      0.00287     -0.00045     -0.00397     -0.00796     -0.01133     -0.01422   
19990630      0.00427      0.00371      0.00384      0.00427      0.00302      0.00041   
19990730      0.00388      0.00338      0.00190     -0.00004     -0.00124     -0.00288   
19990831      0.00378      0.00308      0.00324      0.00265      0.00201      0.00072   
19990930      0.00504      0.00610      0.00731      0.00890      0.00952      0.01002   
19991029      0.00341      0.00220      0.00073     -0.00047     -0.00201     -0.00107   
19991130      0.00365      0.00213      0.00133      0.00108     -0.00022     -0.00102   
19991231      0.00418      0.00218      0.00014     -0.00241     -0.00405     -0.00677   
20000131      0.00400      0.00085     -0.00286     -0.00330     -0.00518     -0.00384   
20000229      0.00478      0.00625      0.00710      0.00723      0.00829      0.00844   
20000331      0.00492      0.00571      0.00800      0.01171      0.01566      0.02188   
20000428      0.00438      0.00250      0.00096     -0.00053     -0.00263     -0.00411   
20000531      0.00525      0.00487      0.00471      0.00479      0.00503      0.00502   
20000630      0.00620      0.00922      0.01202      0.01455      0.01726      0.01689   
20000731      0.00505      0.00605      0.00645      0.00574      0.00634      0.00766   
20000831      0.00570      0.00693      0.00957      0.01168      0.01271      0.01419   
20000929      0.00521      0.00649      0.00846      0.00938      0.00950      0.00705   
20001031      0.00517      0.00527      0.00593      0.00619      0.00697      0.00833   
20001130      0.00602      0.00832      0.01131      0.01388      0.01592      0.01895   
20001229      0.00688      0.01124      0.01460      0.01762      0.02135      0.02105   
20010131      0.00856      0.01287      0.01415      0.01468      0.01289      0.01245   
20010228      0.00423      0.00596      0.00776      0.00857      0.00956      0.01090   
20010330      0.00535      0.00743      0.00807      0.00813      0.00846      0.00683   
20010430      0.00463      0.00361      0.00102     -0.00248     -0.00670     -0.00962   
20010531      0.00508      0.00601      0.00541      0.00498      0.00300      0.00385   
20010629      0.00254      0.00263      0.00305      0.00259      0.00229      0.00259   
20010731      0.00481      0.01034      0.01467      0.01778      0.02157      0.02205   
20010831      0.00348      0.00591      0.00837      0.00948      0.01061      0.01100   
20010928      0.00655      0.01444      0.02078      0.02240      0.02474      0.02182   
20011031      0.00502      0.00987      0.01374      0.01771      0.01852      0.02102   
20011130      0.00167     -0.00185     -0.00869     -0.01353     -0.01682     -0.01862   
20011231      0.00214      0.00190     -0.00276     -0.00533     -0.00776     -0.00768   
20020131      0.00089      0.00136      0.00385      0.00418      0.00345      0.00468   
20020228      0.00208      0.00430      0.00697      0.00930      0.01103      0.00968   
20020328     -0.00029     -0.00561     -0.01155     -0.01668     -0.02114     -0.02134   
20020430      0.00439      0.01057      0.01489      0.01867      0.02152      0.02189   
20020531      0.00181      0.00343      0.00646      0.00951      0.01074      0.00871   
20020628      0.00259      0.00753      0.01047      0.01274      0.01557      0.01443   
20020731      0.00255      0.01054      0.01762      0.02326      0.02726      0.02298   
20020830      0.00117      0.00281      0.00851      0.01225      0.01560      0.01552   
20020930      0.00282      0.00701      0.01293      0.01978      0.02798      0.02539   
20021031      0.00165      0.00229      0.00155     -0.00069     -0.00343     -0.00554   
20021129      0.00099     -0.00311     -0.00834     -0.01294     -0.01736     -0.01361   
20021231      0.00189      0.00885      0.01515      0.02163      0.02645      0.02496   
20030131      0.00086      0.00014      0.00009     -0.00286     -0.00525     -0.00410   
20030228      0.00113      0.00356      0.00779      0.01266      0.01595      0.01512   
20030331      0.00152      0.00192      0.00229      0.00111      0.00020     -0.00114   
20030430      0.00086      0.00166      0.00210      0.00274      0.00181      0.00196   
20030530      0.00082      0.00262      0.00903      0.01689      0.02406      0.02181   
20030630      0.00190      0.00226      0.00143     -0.00030     -0.00246     -0.00244   
20030731      0.00030     -0.00320     -0.01061     -0.01988     -0.02864     -0.03203   
20030829      0.00040     -0.00041     -0.00301     -0.00341     -0.00418     -0.00057   
20030930      0.00212      0.00811      0.01608      0.02361      0.03138      0.02967   
20031031      0.00029     -0.00290     -0.00683     -0.01048     -0.01384     -0.01333   
20031128      0.00044     -0.00108     -0.00209     -0.00204     -0.00138      0.00033   
20031231      0.00206      0.00563      0.00813      0.00967      0.01031      0.00872   
20040130      0.00094      0.00184      0.00332      0.00448      0.00654      0.00712   
20040227      0.00108      0.00409      0.00686      0.01002      0.01217      0.01188   
20040331      0.00133      0.00224      0.00539      0.00816      0.01031      0.00908   
20040430     -0.00033     -0.00719     -0.01627     -0.02440     -0.03182     -0.03019   
20040528      0.00020     -0.00094     -0.00233     -0.00371     -0.00443     -0.00414   
20040630      0.00093      0.00058      0.00146      0.00345      0.00602      0.00625   
20040730      0.00122      0.00248      0.00423      0.00530      0.00676      0.00770   
20040831      0.00218      0.00643      0.01180      0.01653      0.01981      0.02082   
20040930      0.00047     -0.00118     -0.00174     -0.00097      0.00027      0.00115   
20041029      0.00116      0.00267      0.00423      0.00578      0.00669      0.00719   
20041130      0.00029     -0.00419     -0.00793     -0.01110     -0.01347     -0.01339   
20041231      0.00162      0.00160      0.00253      0.00445      0.00645      0.00883   
20050131      0.00140     -0.00010     -0.00103     -0.00109     -0.00039      0.00427   
20050228      0.00107     -0.00188     -0.00509     -0.00831     -0.01026     -0.01050   
20050331      0.00212      0.00115     -0.00061     -0.00198     -0.00251     -0.00244   
20050429      0.00255      0.00424      0.00723      0.01112      0.01432      0.01794   
20050531      0.00308      0.00397      0.00581      0.00782      0.00939      0.01384   
20050630      0.00197      0.00189      0.00222      0.00304      0.00361      0.00505   
20050729      0.00114     -0.00235     -0.00621     -0.01083     -0.01401     -0.01614   
20050831      0.00369      0.00611      0.00901      0.01226      0.01513      0.01648   
20050930      0.00171     -0.00184     -0.00529     -0.00825     -0.01134     -0.01377   
20051031      0.00214      0.00032     -0.00205     -0.00438     -0.00651     -0.00850   
20051130      0.00322      0.00312      0.00404      0.00480      0.00543      0.00575   
20051230      0.00341      0.00368      0.00390      0.00474      0.00593      0.00918   
20060131      0.00296      0.00181      0.00114     -0.00005     -0.00158     -0.00296   
20060228      0.00279      0.00114     -0.00057     -0.00156     -0.00189     -0.00097   
20060331      0.00350      0.00187      0.00008     -0.00163     -0.00419     -0.00993   
20060428      0.00328      0.00313      0.00263      0.00169      0.00043     -0.00391   
20060531      0.00353      0.00141      0.00041      0.00011     -0.00053     -0.00050   
20060630      0.00333      0.00244      0.00164      0.00140      0.00160      0.00291   
20060731      0.00497      0.00669      0.00893      0.01052      0.01188      0.01437   
20060831      0.00462      0.00637      0.00897      0.01091      0.01258      0.01606   
20060929      0.00434      0.00478      0.00569      0.00700      0.00781      0.00972   
20061031      0.00405      0.00388      0.00400      0.00427      0.00475      0.00556   
20061130      0.00423      0.00479      0.00587      0.00733      0.00852      0.01117   
20061229      0.00365      0.00059     -0.00168     -0.00399     -0.00620     -0.01051   
20070131      0.00423      0.00299      0.00142      0.00064     -0.00032     -0.00121   
20070228      0.00424      0.00706      0.00976      0.01246      0.01470      0.01723   
20070330      0.00412      0.00376      0.00431      0.00373      0.00330      0.00068   
20070430      0.00414      0.00357      0.00415      0.00484      0.00495      0.00570   
20070531      0.00395     -0.00017     -0.00412     -0.00729     -0.00979     -0.01189   
20070629      0.00416      0.00457      0.00392      0.00257      0.00140     -0.00230   
20070731      0.00469      0.00828      0.01252      0.01585      0.01845      0.02036   
20070831      0.00654      0.00909      0.01136      0.01384      0.01581      0.01763   
20070928      0.00471      0.00635      0.00705      0.00684      0.00545      0.00329   
20071031      0.00362      0.00375      0.00556      0.00644      0.00727      0.00985   
20071130      0.00823      0.01636      0.02471      0.03148      0.03502      0.03618   
20071231      0.00189      0.00216      0.00226      0.00157      0.00195      0.00012   
20080131      0.00894      0.01676      0.02355      0.02967      0.03266      0.03322   
20080229      0.00346      0.00872      0.01180      0.01442      0.01535      0.01194   
20080331      0.00317      0.00230      0.00456      0.00449      0.00458      0.01195   
20080430     -0.00021     -0.00720     -0.01433     -0.01819     -0.02146     -0.02139   
20080530     -0.00030     -0.00292     -0.00849     -0.01278     -0.01379     -0.01722   
20080630      0.00135      0.00327      0.00362      0.00562      0.00702      0.00992   
20080731      0.00268      0.00396      0.00527      0.00739      0.00792      0.00675   
20080829      0.00155      0.00364      0.00694      0.00798      0.00945      0.01247   
20080930      0.00422      0.00742      0.01292      0.01105      0.00948      0.00376   
20081031      0.00353      0.00747      0.01418      0.02038      0.01692     -0.00828   
20081128      0.00347      0.01060      0.01553      0.02777      0.04394      0.06660   
20081231      0.00287      0.00525      0.00657      0.00459      0.01708      0.03978
