year mon day value
1953 04 01   2.62
1953 05 01   2.87
1953 06 01   2.94
1953 07 01   2.75
1953 08 01   2.80
1953 09 01   2.71
1953 10 01   2.43
1953 11 01   2.42
1953 12 01   2.32
1954 01 01   2.17
1954 02 01   2.04
1954 03 01   1.93
1954 04 01   1.87
1954 05 01   1.92
1954 06 01   1.92
1954 07 01   1.85
1954 08 01   1.90
1954 09 01   1.96
1954 10 01   2.02
1954 11 01   2.09
1954 12 01   2.16
1955 01 01   2.32
1955 02 01   2.38
1955 03 01   2.48
1955 04 01   2.55
1955 05 01   2.56
1955 06 01   2.59
1955 07 01   2.72
1955 08 01   2.86
1955 09 01   2.85
1955 10 01   2.76
1955 11 01   2.81
1955 12 01   2.93
1956 01 01   2.84
1956 02 01   2.74
1956 03 01   2.93
1956 04 01   3.20
1956 05 01   3.08
1956 06 01   2.97
1956 07 01   3.12
1956 08 01   3.41
1956 09 01   3.47
1956 10 01   3.40
1956 11 01   3.56
1956 12 01   3.70
1957 01 01   3.47
1957 02 01   3.39
1957 03 01   3.46
1957 04 01   3.53
1957 05 01   3.64
1957 06 01   3.83
1957 07 01   4.00
1957 08 01   4.00
1957 09 01   4.03
1957 10 01   4.08
1957 11 01   3.72
1957 12 01   3.08
1958 01 01   2.88
1958 02 01   2.78
1958 03 01   2.64
1958 04 01   2.46
1958 05 01   2.41
1958 06 01   2.46
1958 07 01   2.77
1958 08 01   3.29
1958 09 01   3.69
1958 10 01   3.78
1958 11 01   3.70
1958 12 01   3.82
1959 01 01   4.01
1959 02 01   3.96
1959 03 01   3.99
1959 04 01   4.12
1959 05 01   4.35
1959 06 01   4.50
1959 07 01   4.58
1959 08 01   4.57
1959 09 01   4.90
1959 10 01   4.72
1959 11 01   4.75
1959 12 01   5.01
1960 01 01   4.92
1960 02 01   4.69
1960 03 01   4.31
1960 04 01   4.29
1960 05 01   4.49
1960 06 01   4.12
1960 07 01   3.79
1960 08 01   3.62
1960 09 01   3.61
1960 10 01   3.76
1960 11 01   3.81
1960 12 01   3.67
1961 01 01   3.67
1961 02 01   3.66
1961 03 01   3.60
1961 04 01   3.57
1961 05 01   3.47
1961 06 01   3.81
1961 07 01   3.84
1961 08 01   3.96
1961 09 01   3.90
1961 10 01   3.80
1961 11 01   3.82
1961 12 01   3.91
1962 01 01   3.94
1962 02 01   3.89
1962 03 01   3.68
1962 04 01   3.60
1962 05 01   3.66
1962 06 01   3.64
1962 07 01   3.80
1962 08 01   3.71
1962 09 01   3.70
1962 10 01   3.64
1962 11 01   3.60
1962 12 01   3.56
1963 01 01   3.58
1963 02 01   3.66
1963 03 01   3.68
1963 04 01   3.74
1963 05 01   3.72
1963 06 01   3.81
1963 07 01   3.89
1963 08 01   3.89
1963 09 01   3.96
1963 10 01   3.97
1963 11 01   4.01
1963 12 01   4.04
1964 01 01   4.07
1964 02 01   4.03
1964 03 01   4.14
1964 04 01   4.15
1964 05 01   4.05
1964 06 01   4.02
1964 07 01   4.03
1964 08 01   4.05
1964 09 01   4.08
1964 10 01   4.07
1964 11 01   4.04
1964 12 01   4.09
1965 01 01   4.10
1965 02 01   4.15
1965 03 01   4.15
1965 04 01   4.15
1965 05 01   4.15
1965 06 01   4.15
1965 07 01   4.15
1965 08 01   4.20
1965 09 01   4.25
1965 10 01   4.34
1965 11 01   4.46
1965 12 01   4.72
1966 01 01   4.86
1966 02 01   4.98
1966 03 01   4.92
1966 04 01   4.83
1966 05 01   4.89
1966 06 01   4.97
1966 07 01   5.17
1966 08 01   5.50
1966 09 01   5.50
1966 10 01   5.27
1966 11 01   5.36
1966 12 01   5.00
1967 01 01   4.70
1967 02 01   4.74
1967 03 01   4.54
1967 04 01   4.51
1967 05 01   4.75
1967 06 01   5.01
1967 07 01   5.23
1967 08 01   5.31
1967 09 01   5.40
1967 10 01   5.57
1967 11 01   5.78
1967 12 01   5.75
1968 01 01   5.54
1968 02 01   5.59
1968 03 01   5.76
1968 04 01   5.69
1968 05 01   6.04
1968 06 01   5.85
1968 07 01   5.60
1968 08 01   5.50
1968 09 01   5.48
1968 10 01   5.55
1968 11 01   5.66
1968 12 01   6.12
1969 01 01   6.25
1969 02 01   6.34
1969 03 01   6.41
1969 04 01   6.30
1969 05 01   6.54
1969 06 01   6.75
1969 07 01   7.01
1969 08 01   7.03
1969 09 01   7.57
1969 10 01   7.51
1969 11 01   7.53
1969 12 01   7.96
1970 01 01   8.17
1970 02 01   7.82
1970 03 01   7.21
1970 04 01   7.50
1970 05 01   7.97
1970 06 01   7.85
1970 07 01   7.59
1970 08 01   7.57
1970 09 01   7.29
1970 10 01   7.12
1970 11 01   6.47
1970 12 01   5.95
1971 01 01   5.89
1971 02 01   5.56
1971 03 01   5.00
1971 04 01   5.65
1971 05 01   6.28
1971 06 01   6.53
1971 07 01   6.85
1971 08 01   6.55
1971 09 01   6.14
1971 10 01   5.93
1971 11 01   5.78
1971 12 01   5.69
1972 01 01   5.59
1972 02 01   5.69
1972 03 01   5.87
1972 04 01   6.17
1972 05 01   5.85
1972 06 01   5.91
1972 07 01   5.97
1972 08 01   6.02
1972 09 01   6.25
1972 10 01   6.18
1972 11 01   6.12
1972 12 01   6.16
1973 01 01   6.34
1973 02 01   6.60
1973 03 01   6.80
1973 04 01   6.67
1973 05 01   6.80
1973 06 01   6.69
1973 07 01   7.33
1973 08 01   7.63
1973 09 01   7.05
1973 10 01   6.77
1973 11 01   6.92
1973 12 01   6.80
1974 01 01   6.95
1974 02 01   6.82
1974 03 01   7.31
1974 04 01   7.92
1974 05 01   8.18
1974 06 01   8.10
1974 07 01   8.38
1974 08 01   8.63
1974 09 01   8.37
1974 10 01   7.97
1974 11 01   7.68
1974 12 01   7.31
1975 01 01   7.41
1975 02 01   7.11
1975 03 01   7.30
1975 04 01   7.99
1975 05 01   7.72
1975 06 01   7.51
1975 07 01   7.92
1975 08 01   8.33
1975 09 01   8.37
1975 10 01   7.97
1975 11 01   7.80
1975 12 01   7.76
1976 01 01   7.46
1976 02 01   7.45
1976 03 01   7.49
1976 04 01   7.25
1976 05 01   7.59
1976 06 01   7.61
1976 07 01   7.49
1976 08 01   7.31
1976 09 01   7.13
1976 10 01   6.75
1976 11 01   6.52
1976 12 01   6.10
1977 01 01   6.58
1977 02 01   6.83
1977 03 01   6.93
1977 04 01   6.79
1977 05 01   6.94
1977 06 01   6.76
1977 07 01   6.84
1977 08 01   7.03
1977 09 01   7.04
1977 10 01   7.32
1977 11 01   7.34
1977 12 01   7.48
1978 01 01   7.77
1978 02 01   7.83
1978 03 01   7.86
1978 04 01   7.98
1978 05 01   8.18
1978 06 01   8.36
1978 07 01   8.54
1978 08 01   8.33
1978 09 01   8.43
1978 10 01   8.61
1978 11 01   8.84
1978 12 01   9.08
1979 01 01   9.20
1979 02 01   9.13
1979 03 01   9.20
1979 04 01   9.25
1979 05 01   9.24
1979 06 01   8.85
1979 07 01   8.90
1979 08 01   9.06
1979 09 01   9.41
1979 10 01  10.63
1979 11 01  10.93
1979 12 01  10.42
1980 01 01  10.74
1980 02 01  12.60
1980 03 01  13.47
1980 04 01  11.84
1980 05 01   9.95
1980 06 01   9.21
1980 07 01   9.53
1980 08 01  10.84
1980 09 01  11.62
1980 10 01  11.86
1980 11 01  12.83
1980 12 01  13.25
1981 01 01  12.77
1981 02 01  13.41
1981 03 01  13.41
1981 04 01  13.99
1981 05 01  14.63
1981 06 01  13.95
1981 07 01  14.79
1981 08 01  15.56
1981 09 01  15.93
1981 10 01  15.41
1981 11 01  13.38
1981 12 01  13.60
1982 01 01  14.65
1982 02 01  14.54
1982 03 01  13.98
1982 04 01  14.00
1982 05 01  13.75
1982 06 01  14.43
1982 07 01  14.07
1982 08 01  13.00
1982 09 01  12.25
1982 10 01  10.80
1982 11 01  10.38
1982 12 01  10.22
1983 01 01  10.03
1983 02 01  10.26
1983 03 01  10.08
1983 04 01  10.02
1983 05 01  10.03
1983 06 01  10.63
1983 07 01  11.21
1983 08 01  11.63
1983 09 01  11.43
1983 10 01  11.28
1983 11 01  11.41
1983 12 01  11.54
1984 01 01  11.37
1984 02 01  11.54
1984 03 01  12.02
1984 04 01  12.37
1984 05 01  13.17
1984 06 01  13.48
1984 07 01  13.27
1984 08 01  12.68
1984 09 01  12.53
1984 10 01  12.06
1984 11 01  11.33
1984 12 01  11.07
1985 01 01  10.93
1985 02 01  11.13
1985 03 01  11.52
1985 04 01  11.01
1985 05 01  10.34
1985 06 01   9.60
1985 07 01   9.70
1985 08 01   9.81
1985 09 01   9.81
1985 10 01   9.69
1985 11 01   9.28
1985 12 01   8.73
1986 01 01   8.68
1986 02 01   8.34
1986 03 01   7.46
1986 04 01   7.05
1986 05 01   7.52
1986 06 01   7.64
1986 07 01   7.06
1986 08 01   6.80
1986 09 01   6.92
1986 10 01   6.83
1986 11 01   6.76
1986 12 01   6.67
1987 01 01   6.64
1987 02 01   6.79
1987 03 01   6.79
1987 04 01   7.57
1987 05 01   8.26
1987 06 01   8.02
1987 07 01   8.01
1987 08 01   8.32
1987 09 01   8.94
1987 10 01   9.08
1987 11 01   8.35
1987 12 01   8.45
1988 01 01   8.18
1988 02 01   7.71
1988 03 01   7.83
1988 04 01   8.19
1988 05 01   8.58
1988 06 01   8.49
1988 07 01   8.66
1988 08 01   8.94
1988 09 01   8.69
1988 10 01   8.51
1988 11 01   8.79
1988 12 01   9.09
1989 01 01   9.15
1989 02 01   9.27
1989 03 01   9.51
1989 04 01   9.30
1989 05 01   8.91
1989 06 01   8.29
1989 07 01   7.83
1989 08 01   8.09
1989 09 01   8.17
1989 10 01   7.97
1989 11 01   7.81
1989 12 01   7.75
1990 01 01   8.12
1990 02 01   8.42
1990 03 01   8.60
1990 04 01   8.77
1990 05 01   8.74
1990 06 01   8.43
1990 07 01   8.33
1990 08 01   8.44
1990 09 01   8.51
1990 10 01   8.33
1990 11 01   8.02
1990 12 01   7.73
1991 01 01   7.70
1991 02 01   7.47
1991 03 01   7.77
1991 04 01   7.70
1991 05 01   7.70
1991 06 01   7.94
1991 07 01   7.91
1991 08 01   7.43
1991 09 01   7.14
1991 10 01   6.87
1991 11 01   6.62
1991 12 01   6.19
1992 01 01   6.24
1992 02 01   6.58
1992 03 01   6.95
1992 04 01   6.78
1992 05 01   6.69
1992 06 01   6.48
1992 07 01   5.84
1992 08 01   5.60
1992 09 01   5.38
1992 10 01   5.60
1992 11 01   6.04
1992 12 01   6.08
1993 01 01   5.83
1993 02 01   5.43
1993 03 01   5.19
1993 04 01   5.13
1993 05 01   5.20
1993 06 01   5.22
1993 07 01   5.09
1993 08 01   5.03
1993 09 01   4.73
1993 10 01   4.71
1993 11 01   5.06
1993 12 01   5.15
1994 01 01   5.09
1994 02 01   5.40
1994 03 01   5.94
1994 04 01   6.52
1994 05 01   6.78
1994 06 01   6.70
1994 07 01   6.91
1994 08 01   6.88
1994 09 01   7.08
1994 10 01   7.40
1994 11 01   7.72
1994 12 01   7.78
1995 01 01   7.76
1995 02 01   7.37
1995 03 01   7.05
1995 04 01   6.86
1995 05 01   6.41
1995 06 01   5.93
1995 07 01   6.01
1995 08 01   6.24
1995 09 01   6.00
1995 10 01   5.86
1995 11 01   5.69
1995 12 01   5.51
1996 01 01   5.36
1996 02 01   5.38
1996 03 01   5.97
1996 04 01   6.30
1996 05 01   6.48
1996 06 01   6.69
1996 07 01   6.64
1996 08 01   6.39
1996 09 01   6.60
1996 10 01   6.27
1996 11 01   5.97
1996 12 01   6.07
1997 01 01   6.33
1997 02 01   6.20
1997 03 01   6.54
1997 04 01   6.76
1997 05 01   6.57
1997 06 01   6.38
1997 07 01   6.12
1997 08 01   6.16
1997 09 01   6.11
1997 10 01   5.93
1997 11 01   5.80
1997 12 01   5.77
1998 01 01   5.42
1998 02 01   5.49
1998 03 01   5.61
1998 04 01   5.61
1998 05 01   5.63
1998 06 01   5.52
1998 07 01   5.46
1998 08 01   5.27
1998 09 01   4.62
1998 10 01   4.18
1998 11 01   4.54
1998 12 01   4.45
1999 01 01   4.60
1999 02 01   4.91
1999 03 01   5.14
1999 04 01   5.08
1999 05 01   5.44
1999 06 01   5.81
1999 07 01   5.68
1999 08 01   5.84
1999 09 01   5.80
1999 10 01   6.03
1999 11 01   5.97
1999 12 01   6.19
2000 01 01   6.58
2000 02 01   6.68
2000 03 01   6.50
2000 04 01   6.26
2000 05 01   6.69
2000 06 01   6.30
2000 07 01   6.18
2000 08 01   6.06
2000 09 01   5.93
2000 10 01   5.78
2000 11 01   5.70
2000 12 01   5.17
2001 01 01   4.86
2001 02 01   4.89
2001 03 01   4.64
2001 04 01   4.76
2001 05 01   4.93
2001 06 01   4.81
2001 07 01   4.76
2001 08 01   4.57
2001 09 01   4.12
2001 10 01   3.91
2001 11 01   3.97
2001 12 01   4.39
2002 01 01   4.34
2002 02 01   4.30
2002 03 01   4.74
2002 04 01   4.65
2002 05 01   4.49
2002 06 01   4.19
2002 07 01   3.81
2002 08 01   3.29
2002 09 01   2.94
2002 10 01   2.95
2002 11 01   3.05
2002 12 01   3.03
2003 01 01   3.05
2003 02 01   2.90
2003 03 01   2.78
2003 04 01   2.93
2003 05 01   2.52
2003 06 01   2.27
2003 07 01   2.87
2003 08 01   3.37
2003 09 01   3.18
2003 10 01   3.19
2003 11 01   3.29
2003 12 01   3.27
2004 01 01   3.12
2004 02 01   3.07
2004 03 01   2.79
2004 04 01   3.39
2004 05 01   3.85
2004 06 01   3.93
2004 07 01   3.69
2004 08 01   3.47
2004 09 01   3.36
2004 10 01   3.35
2004 11 01   3.53
2004 12 01   3.60
2005 01 01   3.71
2005 02 01   3.77
2005 03 01   4.17
2005 04 01   4.00
2005 05 01   3.85
2005 06 01   3.77
2005 07 01   3.98
2005 08 01   4.12
2005 09 01   4.01
2005 10 01   4.33
2005 11 01   4.45
2005 12 01   4.39
2006 01 01   4.35
2006 02 01   4.57
2006 03 01   4.72
2006 04 01   4.90
2006 05 01   5.00
2006 06 01   5.07
2006 07 01   5.04
2006 08 01   4.82
2006 09 01   4.67
2006 10 01   4.69
2006 11 01   4.58
2006 12 01   4.53
2007 01 01   4.75
2007 02 01   4.71
2007 03 01   4.48
2007 04 01   4.59
2007 05 01   4.67
2007 06 01   5.03
2007 07 01   4.88
2007 08 01   4.43
2007 09 01   4.20
2007 10 01   4.20
2007 11 01   3.67
2007 12 01   3.49
2008 01 01   2.98
2008 02 01   2.78
2008 03 01   2.48
2008 04 01   2.84
2008 05 01   3.15
2008 06 01   3.49
2008 07 01   3.30
2008 08 01   3.14
2008 09 01   2.88
2008 10 01   2.73
2008 11 01   2.29
2008 12 01   1.52
2009 01 01   1.60
2009 02 01   1.87
