    0.00632
    0.00366
    0.01202
    0.00627
    0.01761
    0.00918
    0.00820
   -0.01170
   -0.00587
    0.00757
   -0.00992
    0.03989
    0.02817
    0.03682
    0.02809
    0.02073
    0.02593
    0.02202
    0.00458
    0.00969
   -0.00241
    0.00896
    0.02054
    0.01734
    0.00939
   -0.00465
   -0.00810
   -0.01398
   -0.00399
    0.01192
    0.01456
    0.02119
    0.01089
    0.01324
    0.00873
   -0.00198
    0.00454
    0.00073
    0.01103
    0.00821
   -0.00058
    0.00584
   -0.01562
   -0.02050
    0.00536
    0.02337
    0.02340
    0.01234
    0.01887
   -0.00459
    0.00849
    0.01702
   -0.00288
    0.00096
   -0.00861
    0.01035
    0.01237
    0.01420
    0.02224
    0.01302
    0.01035
    0.00925
   -0.00165
    0.01344
    0.01375
    0.01732
    0.00716
    0.02211
    0.00853
    0.01002
    0.00428
    0.02143
    0.01438
    0.01580
    0.02275
    0.01959
    0.00260
    0.01020
    0.00490
    0.00563
    0.00596
    0.01431
    0.00563
    0.01153
    0.01688
    0.00774
   -0.00096
    0.01396
    0.00136
    0.00552
   -0.00399
   -0.00617
   -0.00087
    0.01210
   -0.00907
    0.02649
   -0.00008
    0.00511
   -0.00004
    0.02168
    0.01926
    0.01035
    0.01859
    0.02320
    0.00256
   -0.00099
    0.00891
   -0.00559
    0.00284
   -0.01312
   -0.00883
   -0.01974
    0.01012
    0.01683
    0.01383
    0.01860
    0.00445
    0.00415
    0.00992
    0.01363
    0.01599
    0.01989
   -0.00257
    0.00878
    0.03109
    0.00854
    0.01233
    0.00003
   -0.00094
    0.00899
   -0.00191
    0.00998
   -0.02391
    0.00066
    0.01262
    0.01916
   -0.00335
    0.00442
   -0.01406
   -0.01522
    0.00299
   -0.00801
    0.00152
    0.00860
    0.02225
    0.01465
    0.01760
    0.02541
    0.01333
    0.00644
    0.00414
    0.01189
    0.00605
    0.01011
    0.00729
    0.01591
   -0.00445
    0.00210
    0.00570
    0.01267
    0.01028
    0.01006
    0.01589
    0.01254
    0.00893
    0.00654
    0.00673
    0.00892
    0.00402
    0.00425
    0.00085
    0.00420
    0.00108
    0.00358
   -0.00399
   -0.00650
